0.34585
0.056647
0.1339
0.038727
0.035652
0.021395
0.007006
0.28721
0.02203
0.00058589
0.00061779
0.049298
0.068152
0.00075536
0.044968
0.075202
0.06171
0.29412
0.042526
0.14192
0.077484
0.090101
0.46278
0.01458
0.024398
0.058735
0.042875
0.029441
0.13841
0.082798
0.0096871
0.0077049
0.20631
0.04395
0.010208
0.0043311
0.012353
0.0009596
0.034032
0.19452
0.17112
0.0010593
0.050418
0.0058468
0.0047775
0.0018641
0.014154
0.0025978
0.022737
0.019519
0.1359
0.17443
0.15125
0.063985
0.00165
0.065297
0.0036186
0.16312
0.14499
0.044584
0.0040881
0.13742
0.1323
0.071206
0.049462
0.35583
0.056943
0.11553
0.0072066
0.036726
0.0080183
0.20867
0.041537
0.13157
0.05198
0.049421
0.074517
0.003908
0.01887
0.026923
0.0027277
0.018104
0.040112
0.02584
0.017616
0.0073631
0.0076262
0.098257
0.078457
0.056676
0.111
0.11016
0.12962
0.0084379
0.0036017
0.014034
0.12543
0.018204
0.11056
0.048982
0.0084238
0.13915
0.0293
0.026734
0.016266
0.089928
0.036753
0.003172
0.0024875
0.030201
0.011648
0.075199
0.085705
0.05356
0.016664
0.047971
0.00071516
0.0088925
0.073689
0.11647
0.0084364
0.0080823
0.15629
0.015566
0.13508
0.030033
0.013007
0.10392
0.24827
0.012185
0.23221
0.017191
0.069941
0.055636
0.11044
0.0026567
0.13702
0.047327
0.0087056
0.092763
0.053133
0.00022987
0.0037809
0.22513
0.036868
0.49854
0.018587
0.028778
0.063394
0.080113
0.20577
0.020731
0.0059238
0.018477
0.03242
0.0023682
0.065617
0.16697
0.044821
0.12208
0.089745
0.48558
0.015344
0.015299
0.30526
0.14387
0.17662
0.17891
0.031775
0.043545
0.043984
0.025744
0.0094494
0.29805
0.009215
0.014645
0.081355
0.020736
0.0046634
0.0027789
0.086815
0.1273
0.063722
0.10021
0.26405
0.11545
0.093643
0.0001069
0.025073
0.14756
0.010599
0.018009
0.0195
0.035717
0.061768
0.068285
0.17205
0.10379
0.16925
0.015647
0.18772
0.032391
0.082941
0.040146
0.0011879
0.022253
0.058122
0.15646
0.055837
0.03687
0.097469
0.38284
0.037679
0.006773
0.062256
0.010473
0.12809
0.030773
0.0096187
0.073593
0.05735
0.055894
0.033267
0.14096
0.15689
0.1327
0.051807
0.046968
0.022021
0.065893
0.076485
0.2286
0.0026306
0.18239
0.0025079
0.097121
0.17197
0.018261
0.016103
0.0057828
0.030483
0.045555
0.073935
0.048229
0.049089
0.031957
0.017742
2.2063e-05
0.010371
0.083773
0.01009
0.039305
0.3656
0.015855
0.0087568
0.09947
0.050251
0.0062788
0.1659
0.043512
0.098328
0.15226
0.050183
0.24872
0.096735
0.044195
0.068928
0.031831
0.097191
0.0061094
0.034499
0.010194
0.12107
0.075453
0.033442
0.14515
0.023763
0.11567
0.11674
0.011675
0.20255
0.032676
0.020414
0.0052182
0.081262
0.0081145
0.056671
7.2098e-05
0.029033
0.0019328
0.23325
0.11578
0.15203
0.11337
0.0069307
0.029161
0.015794
0.037211
0.10939
0.015557
0.11915
0.0080018
0.010109
0.016514
0.018897
0.039966
0.0047145
0.083425
0.15226
0.066861
0.14758
0.030156
0.065785
0.033608
0.028714
0.018928
0.035716
0.050295
0.068658
0.19889
0.051138
0.10085
0.018587
0.017032
0.088727
0.41807
0.013552
0.00055833
0.029877
0.065876
0.001708
0.0072152
0.052537
0.12783
0.025428
0.1244
0.074206
0.13002
0.12409
0.09123
0.04544
0.053665
0.005796
0.081738
0.078682
0.034813
0.015
0.0050727
0.064586
0.077309
0.030385
0.0445
0.093469
0.0072694
0.038908
0.01799
0.057542
0.018827
0.020447
0.079337
0.17649
0.028737
0.047474
0.0023331
0.070798
0.021381
0.047998
0.090854
0.046207
0.029515
0.05041
0.17139
0.0012602
0.10862
0.16828
0.037444
0.12353
0.40201
0.037086
0.027532
0.059592
0.034499
0.17398
0.042893
0.17143
0.09126
0.11882
0.2467
0.0069979
0.20218
0.047588
0.030002
0.06621
0.050792
0.012736
0.01141
0.077998
0.092754
0.060266
0.12266
0.016335
0.19849
0.1669
0.0030639
0.03263
0.0082468
0.06191
0.065691
0.080622
0.17183
0.026006
0.0034538
0.037275
0.023605
0.0039321
0.033662
0.0046785
0.0037872
0.081701
0.0030189
0.01135
0.03969
0.010979
0.021102
0.0071303
0.034472
0.022798
0.25669
0.015656
0.1178
0.035399
0.038801
0.077757
0.020787
0.0023759
0.037228
0.089251
0.28151
0.015821
0.36108
0.087486
0.036583
0.13539
0.050828
0.13362
0.0070547
0.036575
0.03253
0.038975
0.0081359
0.04205
0.017594
0.0082806
0.14988
0.052835
0.08244
0.0075269
0.19074
0.029564
0.068903
0.086359
0.034189
0.13891
0.13734
0.0033466
0.070714
0.10901
0.18559
0.004741
0.0021071
0.065896
0.16303
0.0058873
0.061296
0.12551
0.026381
0.23402
0.19086
0.037946
0.0043451
0.12158
0.14335
0.31614
0.015383
0.018762
0.0084906
0.091848
0.029189
0.21558
0.15087
0.068124
0.046953
0.17749
0.022458
0.039679
0.0409
0.0030364
0.13917
0.025486
0.0089953
0.068581
0.18937
0.33039
0.37311
0.080525
0.10192
0.078254
0.031313
0.034946
0.10181
0.060042
0.070191
0.016781
0.064027
0.054457
0.034037
0.032126
0.25688
0.16707
0.042879
0.0043452
0.09253
0.025271
0.19278
0.30194
0.04035
0.02533
0.059407
0.061847
0.063911
0.016175
0.029511
0.095056
0.0039233
0.061618
0.063183
0.071963
0.005238
0.047804
0.041914
0.012851
0.13727
0.10631
0.11183
0.47882
0.0082608
0.3415
0.35304
0.0094677
0.014794
0.0083031
0.0034389
0.30842
0.11196
0.021334
0.0010341
0.033593
0.035102
0.002957
0.022052
0.071666
0.069787
0.0033851
0.076942
0.2333
0.034464
0.025479
0.017387
0.0021383
0.077277
0.015683
0.083314
0.0053557
0.023546
0.080752
0.073331
0.019288
0.11418
0.051718
0.064885
0.10333
0.038628
0.010055
0.04683
0.027356
0.10924
8.9518e-05
0.46114
0.029145
0.01062
0.055975
0.0057098
0.041408
0.0018495
0.029946
0.02398
0.0041516
0.050421
0.027259
0.10402
0.035343
0.1573
0.080561
0.037322
0.11554
0.084669
0.097078
0.036733
0.035737
0.028593
0.56782
0.11277
0.04633
0.29348
0.046525
0.18038
0.091635
0.032913
0.12894
0.056625
0.0059194
0.008491
0.037478
0.048642
0.12974
0.044543
0.034307
0.069496
0.055331
0.11723
0.0098747
0.023048
0.11369
0.029593
0.020326
0.25806
0.040248
0.089242
0.041912
0.0012407
0.011078
0.0081931
0.0056906
0.078824
0.0067646
0.090341
0.11107
0.11323
0.0080326
0.051052
0.060758
0.010074
0.10578
0.0056153
0.048784
0.12305
0.086607
0.04027
0.014607
0.060616
0.22261
0.00056607
0.03997
0.0092415
0.0059951
0.022124
0.040642
0.051463
0.061938
0.24879
0.10252
0.17212
0.012686
0.058066
0.21371
0.074887
0.007349
0.0035589
0.054047
0.0076897
0.045705
0.0049537
0.091681
0.039505
0.093351
0.0096131
0.039623
0.067789
0.089799
0.12064
0.030888
0.011617
0.0088741
0.0091648
0.096329
0.041902
0.023665
0.1674
0.037448
0.079187
0.061626
0.038585
0.053919
0.097254
0.25779
0.26475
0.085133
0.021299
0.071915
0.016395
0.01278
0.20777
0.34814
0.018294
0.024146
0.032442
0.0042976
0.1213
0.0013066
0.10127
0.23435
0.098226
0.020091
0.067223
0.019936
0.032062
0.15363
0.025882
0.018036
0.0078779
0.27582
0.12885
0.039691
0.098993
0.0093842
0.053352
0.078851
0.033373
0.068817
0.0083133
0.081988
0.05162
0.015089
0.061411
0.095162
0.059449
0.10967
0.051659
0.028817
0.097311
0.0073347
0.01801
0.074113
0.011558
0.048881
0.023032
0.081684
0.018087
0.017769
0.020076
0.10473
0.11962
0.038603
0.019992
0.53123
0.11152
0.017615
0.00017236
0.10919
0.096986
0.070808
0.13512
0.070528
0.034656
0.048562
0.0060151
0.14784
0.15545
0.059809
0.021091
0.0062098
0.21955
0.080598
0.0022828
0.01553
0.20489
0.25777
0.0038153
0.063724
0.30446
0.042525
0.0025387
0.0034983
0.20782
0.0045709
0.04251
0.11131
0.028771
0.0070754
0.055007
0.0036163
0.039031
0.0091912
0.015568
0.025669
0.0036838
0.020923
0.098434
0.020484
0.095397
0.037778
0.062472
0.027302
0.00053058
0.014243
0.019278
0.0093166
0.088467
0.048519
0.065194
0.028966
0.07649
0.027325
0.014075
0.0062414
0.022759
0.10303
0.10933
0.056557
0.015041
0.013474
0.030849
0.1246
0.11284
0.0081675
0.040974
0.047384
0.39379
0.015806
0.041187
0.051471
0.0011785
0.067684
0.10898
0.045997
0.0061861
0.035405
0.092092
0.08763
0.034983
0.012972
0.28117
0.017539
0.058181
0.019884
0.02646
0.025785
0.0020097
0.040926
0.3213
0.01032
0.027961
0.02989
0.02025
0.038437
0.19776
0.035909
0.1908
0.01627
0.24046
0.0020154
0.063116
0.00012041
0.015713
0.17389
0.041312
0.007637
0.02464
0.18858
0.0039303
0.23211
0.00038564
0.020827
0.0079729
0.12085
0.021666
0.0089048
0.098049
0.14318
0.21156
0.026622
0.17877
0.014741
0.035727
0.16466
0.018265
0.054969
0.023521
0.011941
0.0061286
0.023775
0.010294
0.0015129
0.016471
0.032917
0.0023534
0.10288
0.10596
0.00063651
0.040824
0.095349
0.060827
0.10357
0.07909
0.021894
0.028371
0.15735
0.082118
0.030655
0.0075324
0.011267
0.062909
0.045375
0.014172
0.10148
0.12691
0.09274
0.0010413
0.037725
0.024121
0.023308
0.029325
0.1911
0.048574
0.067546
0.030233
0.029483
0.077707
0.0095672
0.11889
0.39008
0.10215
0.038458
0.069287
0.12201
0.029518
0.082414
0.078155
0.04292
0.039243
0.31344
0.1474
0.13506
0.015439
0.10561
0.042542
0.096716
0.024366
0.026388
0.0088217
0.0071701
0.0026695
0.011799
0.18026
0.078703
0.15613
0.020529
0.049809
0.067829
0.012041
0.20282
0.11257
0.08377
0.016182
0.057224
0.074461
0.051993
0.067677
0.04859
0.056288
0.002653
0.0026097
0.048645
0.063801
0.070484
0.044609
0.0086923
0.18937
0.039557
0.072172
0.069362
0.018045
0.0099907
0.020091
0.1255
0.0010582
0.035408
0.046923
0.059205
0.17298
0.084592
0.064413
0.012663
0.32799
0.097994
0.021985
0.23764
0.013501
0.024478
0.016012
0.040667
0.00040335
0.11675
0.052237
0.027539
0.023256
0.0043911
0.0049996
0.19444
0.026855
0.045642
0.081753
0.018868
0.042357
0.022905
0.012265
0.022336
0.14908
0.002069
0.070731
0.074483
0.023762
0.13106
0.084168
0.024632
0.037543
0.08261
0.0010898
0.033672
0.018375
0.0068117
0.024371
0.040128
0.090468
0.02325
0.0081698
0.046868
0.0046952
0.19606
0.044731
0.0045393
0.044416
0.045188
0.085178
0.16711
0.023995
0.14278
0.15359
0.051317
0.036211
0.0018037
0.034028
0.18109
0.065281
0.28784
0.04813
0.0021643
0.0010204
0.13303
0.085533
0.0013629
0.014644
0.030164
0.0093333
0.022782
0.0040281
0.0011645
0.20174
0.26369
0.019911
0.026576
0.047537
0.035723
0.16443
0.010955
0.062943
0.0047133
0.0095452
0.03159
0.16316
0.095309
0.27357
0.12746
0.0067369
0.14685
0.0081125
0.0077348
0.0057645
0.32893
0.012746
0.11502
0.24765
0.12318
0.036812
0.014927
0.014039
0.067937
0.020047
0.071781
0.029066
0.048875
0.10143
0.053027
0.026637
0.010137
0.020004
0.11599
0.033059
0.014167
0.015687
0.091655
0.069019
0.018069
0.081809
0.051161
0.009514
0.00071924
0.029227
0.11733
0.19411
0.022114
0.097917
0.024134
0.0092034
0.017698
0.0055076
0.093528
0.0065286
0.22052
0.04399
0.032998
0.0025502
0.027429
0.046868
0.1452
0.083728
0.014861
0.016369
0.2938
0.0089065
0.0053282
0.023025
0.22967
0.043643
0.022031
0.23723
0.09167
0.074897
0.12153
0.048766
0.0043703
0.21493
0.08316
0.011308
0.0059145
0.013195
0.27585
0.17778
0.0041868
0.041127
0.22614
0.013168
0.018295
0.16358
0.013257
0.020145
0.06018
0.005091
0.14171
0.048659
0.039423
0.02928
0.21066
0.27984
0.15175
0.035947
0.03025
0.013682
0.0022272
0.11025
0.047722
0.0047817
0.055658
0.079181
0.089735
0.010081
0.021294
0.38084
0.026863
0.011317
0.024445
0.070862
0.0019862
0.038401
0.034598
0.14884
0.041819
0.01132
0.027365
0.14011
0.038666
0.0024308
0.17899
0.052284
0.013869
0.12296
0.02145
0.052609
0.010955
0.036054
0.013361
0.086836
0.039168
0.025643
0.11551
0.10883
0.12669
0.00061318
0.091672
0.063339
0.045894
0.077661
0.019763
0.047108
0.027943
0.10515
0.059859
0.11966
0.032987
0.08449
0.16631
0.08882
0.0097015
0.016189
0.064883
0.030843
0.069232
0.052323
0.089493
0.053025
0.24003
0.17827
0.069912
0.10509
0.017005
0.04326
0.18896
0.060118
0.08932
0.016006
0.0068302
0.007514
0.10368
0.050916
0.27664
0.014274
0.058255
0.028297
0.0012247
0.062145
0.021082
0.049868
0.051225
0.09367
0.12112
0.026125
0.32238
0.33483
0.056067
0.073334
0.068845
0.093545
0.056685
0.2164
0.0025926
0.23678
0.038573
0.039879
0.17091
0.097347
0.061325
0.054213
0.014507
0.0085925
0.0027307
0.14731
0.11279
0.15337
0.049541
0.10733
0.082807
0.069766
0.029675
0.024902
0.00091502
0.054377
0.0098327
0.11211
0.059926
0.035134
0.0021127
0.22298
0.19358
0.0049541
0.021346
0.008501
0.014607
0.0020466
0.061477
0.05481
0.088773
0.043359
0.34513
0.0068473
0.071934
0.11036
0.083118
0.0024873
0.026431
0.083887
0.077004
0.051326
0.0060114
0.072925
0.062979
0.014359
0.024827
0.38309
0.17012
0.091907
0.08855
0.15109
0.04373
0.047057
0.038304
0.003392
0.19656
0.17302
0.012296
0.041764
0.060184
0.147
0.025043
0.088748
0.040303
0.24348
0.0017973
0.0035041
0.040005
0.027866
0.0091079
0.0070674
0.20715
0.18592
0.10984
0.037616
0.037042
0.088479
0.10476
0.0176
0.057326
0.04095
0.019839
0.00035155
0.12654
0.0466
0.045899
0.054344
0.044762
0.00022671
0.17575
0.31548
0.00058074
0.0024812
0.013663
0.18276
0.055386
0.065912
0.0005732
0.0031138
0.30651
0.046763
0.0055925
0.13267
0.093086
0.13932
0.020514
0.071905
0.1574
0.1007
0.008787
0.013363
0.1136
0.059284
0.089099
0.03094
0.023813
0.18053
0.059668
0.097403
0.0027068
0.065877
0.080955
0.16315
0.026072
0.043547
0.08723
0.017885
0.0025305
0.0016339
0.01033
0.11195
0.013648
0.048751
0.14289
0.061393
0.1902
0.0048197
0.0011299
0.020969
0.093017
0.023082
0.16811
0.0014945
0.024108
0.1506
0.17443
0.23943
0.033974
0.0095292
0.014931
1.1646e-05
0.030246
0.064362
0.29918
0.096192
0.022718
0.053517
0.12177
0.03748
0.032071
0.011571
0.046915
0.0043321
0.0078707
0.040123
0.039212
0.022689
0.02249
0.11227
0.046909
0.02897
0.0038835
0.12183
0.0078279
0.085144
0.033742
0.14323
0.040669
0.17623
0.063784
0.02321
0.2638
0.025386
0.0059427
0.050187
0.007637
0.016395
0.050502
0.030078
0.020771
0.096805
0.049599
0.21702
0.029572
0.29833
0.028193
0.11023
0.042232
0.045825
0.019841
0.021682
0.018474
0.051607
0.072209
0.036943
0.0082191
0.0045816
0.028017
0.040725
0.038134
0.12417
0.13555
0.031306
0.030044
0.026136
0.1947
0.19489
0.030382
0.056957
0.051957
0.1776
0.057058
0.1508
0.00010731
0.020259
0.047903
0.14588
0.016371
0.0016586
0.0076505
0.0067818
0.11855
0.081697
0.008708
0.048329
0.00010533
0.083374
0.06612
0.017276
0.037002
0.034035
0.18318
0.174
0.10905
0.0056785
0.023266
0.030003
0.21085
0.041961
0.078478
0.094635
0.014318
0.0059529
0.20875
0.035787
0.12877
0.00044934
0.03956
0.038256
0.019669
0.011041
0.0071567
0.028467
0.3368
0.10039
0.20941
0.041086
0.0059322
0.033091
0.027803
0.13234
0.016551
0.083484
0.0075127
0.012285
0.044617
0.0012238
0.039438
0.10196
0.10939
0.29555
0.068904
0.0098371
0.085038
0.024814
0.12023
0.079999
0.06372
0.025671
0.034464
0.041378
0.19868
0.014172
0.25348
0.022614
0.0059382
0.063641
0.028265
0.021465
0.013608
0.02735
0.021686
0.012247
0.062746
0.21677
0.15775
0.037758
0.0088451
0.038764
0.0049371
0.16832
0.0078394
0.008283
0.0065762
0.18265
0.069351
0.098465
0.0091903
0.13783
0.0066809
0.11049
0.0090348
0.10525
0.023551
0.10233
0.19332
0.053498
0.077976
0.032415
0.093069
0.017272
0.10014
0.60615
0.44243
0.0038971
0.23144
0.038185
0.11128
0.12295
0.021045
0.023726
0.013654
0.040095
0.012767
0.033269
0.040973
0.060348
0.033027
0.043985
0.035512
0.0084785
0.021578
0.22104
0.0054093
0.090613
0.0359
0.029367
0.010935
0.03677
0.26402
0.0096784
0.0018997
0.010135
0.05799
0.042586
0.0253
0.021151
0.014022
0.0068693
0.097892
0.012419
0.016168
0.00078361
0.15202
0.01928
0.023923
0.11673
0.066811
0.060181
0.032469
0.11014
0.11878
0.0043683
0.066839
0.1894
0.10946
0.042538
0.059654
0.0051427
0.093781
0.096988
0.30329
0.050217
0.021202
0.020254
0.048712
0.16174
0.025638
0.027865
0.12996
0.10737
0.024309
0.072034
0.083539
0.056405
0.0085513
0.077635
0.015635
0.036932
0.014173
0.013445
0.0028404
0.15098
0.0076602
0.0088199
0.079877
0.09684
0.046195
0.11149
0.0046055
0.075029
0.15364
0.051882
0.038084
0.21468
0.036415
0.031755
0.084887
0.055248
0.043135
0.029377
0.0096245
0.0057047
0.044852
0.091623
0.12842
0.028389
0.0081993
0.0060665
0.126
0.031165
0.0098741
0.011685
0.012628
0.0068713
0.05813
0.0096527
0.028012
0.1056
0.062628
0.020001
0.25685
0.082859
0.028401
0.15755
0.063861
0.042862
0.073295
0.0057626
0.020612
0.14584
0.00019349
0.0028344
0.01342
0.02846
0.0024516
0.15202
0.0069698
0.014953
0.022172
0.019069
0.030123
0.13704
0.034466
0.068494
0.022813
0.069983
0.072276
0.103
0.063498
0.0516
0.047671
0.087705
0.0061045
0.21275
0.050352
0.0057643
0.0047749
0.12473
0.032552
0.050695
0.0012316
0.014229
0.0021605
0.095717
0.19457
0.098142
0.013888
0.001681
0.099595
0.0064508
0.0026693
0.11301
0.028552
0.0079329
0.076637
0.11927
0.018641
0.032353
0.049269
0.049638
0.14726
0.58176
0.0052102
0.12518
0.0090732
0.04627
0.074984
0.14211
0.02337
0.0045369
0.069292
0.10664
0.033666
0.037538
0.062451
0.17134
0.055104
0.026442
0.14252
0.022317
0.010118
0.0084511
0.030689
0.012206
0.018554
0.020686
0.0031541
0.11234
0.0052152
0.0040315
0.018587
0.063063
0.020595
0.11454
0.0030549
0.098653
0.030647
0.26294
0.013937
0.078938
0.066882
0.12902
0.05076
0.0088766
0.005341
0.054377
0.085786
0.020334
0.022779
0.014184
0.059157
0.26759
0.0019663
0.046817
0.0064521
0.0075984
0.0080124
0.062165
0.062724
0.02912
0.024255
0.080096
0.15741
0.28158
0.13015
0.071341
0.24407
0.017897
0.051277
0.057629
0.16602
0.010254
0.00381
0.010746
0.14772
0.12004
0.012873
0.06211
0.0059614
0.027765
0.092645
0.011051
0.03689
0.10716
0.0077828
0.1004
0.030672
0.09288
0.0052859
0.026873
0.13227
0.096678
0.013591
0.0073658
0.036122
0.005617
0.0025849
0.078873
0.043086
0.059493
0.0025444
0.0030813
0.017827
0.067694
0.070091
0.013298
0.012878
0.067428
0.071009
0.057435
0.035439
0.020662
0.010445
0.047649
0.11548
0.0012184
0.091057
0.047813
0.2406
0.1381
0.17616
0.013621
0.11587
0.072782
0.079794
0.15751
0.002928
0.10577
0.053172
0.21267
0.023048
0.15231
0.052719
0.0098769
0.16249
0.013652
0.057991
0.026009
0.029639
0.31175
0.032437
0.054754
0.24057
0.024647
0.014105
0.11735
0.0042341
0.07268
0.083096
0.020609
0.0031259
0.010208
0.04946
0.057415
0.00047614
0.083948
0.078718
0.052738
0.051797
0.0459
0.11208
0.043374
0.0069491
0.1122
0.37759
0.10238
0.037467
0.039195
0.016101
0.026109
0.022415
0.019717
0.045809
0.082639
0.14733
0.038361
0.036941
0.010751
0.021541
0.020062
0.11447
0.073769
0.12381
0.017118
0.034589
0.016888
0.081689
0.16469
0.032825
0.17222
0.014399
0.019753
0.28199
0.10464
0.022897
0.049744
0.043946
0.067211
0.029511
0.049179
0.079938
0.0096629
0.06821
0.0013996
0.05795
0.039792
0.041627
0.033902
0.0058955
0.062912
0.0015129
0.06709
0.11429
0.034784
0.021402
0.040411
0.020087
0.0051213
0.0069692
0.086912
0.0042118
0.11215
0.095306
0.038016
0.13803
0.098755
0.089968
0.074685
0.13846
0.1228
0.085948
0.068719
0.10704
0.18565
0.007198
0.12852
0.012885
0.0026957
0.067461
0.20062
0.0041557
0.014226
0.092072
0.038861
0.18345
0.0086878
0.016325
0.11738
0.010494
0.24433
0.29442
0.019455
0.0039772
0.035998
0.010302
0.066391
0.077109
0.023235
0.20434
0.072605
0.0065512
0.056476
0.042724
0.066304
0.00047222
0.047984
0.0026701
0.15982
0.074198
0.059376
0.0096041
0.12451
0.096898
0.12287
0.034369
0.12804
0.023543
0.0056898
0.023138
0.024776
0.055976
0.025011
0.058723
0.032419
0.011559
0.022474
0.0014896
0.081115
0.30489
0.056639
0.008299
0.00075973
0.011231
0.11212
0.23136
0.030158
0.018085
0.2162
0.013044
0.059207
0.1995
0.02857
0.12226
0.07206
0.086287
0.037685
0.00854
0.053003
0.033275
0.13651
0.032872
0.023487
0.00972
0.027145
0.10391
0.0050557
0.057489
0.0062026
0.033617
0.30014
0.037769
0.0086144
0.10029
0.026878
0.019669
0.071117
0.21217
0.048808
0.0077266
0.014329
0.06938
0.016585
0.028143
0.018297
0.023592
0.045065
0.033739
0.012417
0.050278
0.084685
0.018493
0.05889
0.060355
0.030156
0.29158
0.021636
0.048116
0.01487
0.070859
0.12367
0.032511
0.092829
0.16123
0.056691
0.010714
0.1228
0.10607
0.16189
0.014787
0.00066784
0.051551
0.1398
0.093301
0.0076756
0.19217
0.19878
0.088991
0.050687
0.023109
0.088585
0.021143
0.035918
0.22516
0.12163
0.032289
0.041756
2.0337e-05
0.00097113
0.015219
0.096566
0.017539
0.023923
0.028412
0.0084206
0.036797
0.0051568
0.29525
0.032381
0.083366
0.016948
0.10251
0.2119
0.083186
0.13815
0.04918
0.10016
0.036192
0.18605
0.16193
0.073148
0.027723
0.016292
0.050828
0.097443
0.034469
0.10355
0.085784
0.1176
0.014348
0.17527
0.036744
0.017955
0.025241
0.025262
0.021837
0.15222
0.066185
0.030701
0.068172
0.011537
0.14795
0.055662
0.012847
0.0069826
0.067105
0.011313
0.14423
0.068149
0.048622
0.049405
0.060847
0.19638
0.054866
0.00036537
0.0118
0.036629
0.011936
0.049366
0.032229
4.1473e-05
0.017817
0.047716
0.029028
0.14069
0.0056822
0.12166
0.10034
0.027774
0.043806
0.048549
0.15728
0.16967
0.0050086
0.058629
0.26972
0.047691
0.0082254
0.0078651
0.042281
0.044686
0.095769
0.0013817
0.13144
0.14511
0.076511
0.0067895
0.083664
0.030661
0.086441
0.0046278
0.030216
0.1236
0.0042347
0.15494
0.13273
0.026616
0.087618
0.34186
0.0086173
0.076774
0.0049422
0.048957
0.072207
0.00035991
0.011426
0.079894
0.0070382
0.074792
0.0019524
0.0037249
0.043544
0.044147
0.00031843
0.059281
0.0026445
0.16685
0.06146
0.018087
0.016754
0.11866
0.065381
0.024441
0.027832
0.018589
0.023353
0.22536
0.078762
0.044757
0.068986
0.18142
0.070594
0.14466
0.13315
0.062626
0.015722
0.0077995
0.0083402
0.13843
0.0078879
0.031435
0.031886
0.0043616
0.20465
0.020369
0.043292
0.064636
6.3327e-05
0.002214
0.041235
0.023576
0.47884
0.043982
0.038917
0.07732
0.0081194
0.1916
0.038518
0.37912
0.024378
0.037965
0.050898
0.013675
0.12437
0.1272
0.011516
0.0010047
0.082347
0.024839
0.011936
0.010946
0.077492
0.18281
0.028902
0.13669
0.011754
0.0010045
0.0054492
0.11477
0.004117
0.13647
0.22452
0.023335
0.14151
0.10138
0.024687
0.073529
0.042682
0.038517
0.048845
0.040533
0.033952
0.061187
0.0083775
0.066624
0.0082048
0.054977
0.097769
0.018712
0.16506
0.12785
0.0051578
0.03377
0.022427
0.17874
0.067333
0.067082
0.14936
0.044053
0.052831
0.097172
0.10835
0.089799
0.16473
0.086381
0.10944
0.055402
0.29427
0.11115
0.087505
0.031178
0.14843
0.1276
0.054831
0.22319
0.046123
0.0024282
0.0060144
0.0047789
0.1028
0.028093
0.30906
0.01369
0.35507
0.015516
0.071654
0.15662
0.0049252
0.01462
0.14353
0.0019577
0.06982
0.029899
0.033554
0.00060674
0.00057958
0.048801
0.062665
0.24891
0.019081
0.091293
0.057212
0.010527
0.034564
0.03349
0.077719
0.081251
0.085898
0.019939
0.094681
0.035386
0.072774
0.084125
0.087515
0.042683
0.03445
0.14245
0.21517
0.011454
0.1076
0.0191
0.02218
0.12284
0.0090252
0.046369
0.019977
0.079403
0.098887
0.005317
0.028641
0.097185
0.030804
0.13771
0.20784
0.10596
0.098041
0.026503
0.10125
0.023693
0.024464
0.077906
0.034575
0.025213
0.024018
0.042553
0.24981
0.015336
0.013463
0.01066
0.061442
0.067026
0.071803
0.020571
0.06125
0.25056
0.049213
0.083804
0.070578
0.21005
0.037821
0.061792
5.4595e-05
0.039125
0.0063451
0.011275
0.073067
0.087305
0.084218
0.016066
0.00095239
0.026323
0.0086428
0.0084354
0.035521
0.090946
0.062589
0.037196
0.22193
0.070913
0.012251
0.043898
0.089331
0.082463
0.011175
0.031764
0.059458
0.15214
0.00013281
0.39341
0.091396
0.023569
0.028522
0.05466
0.027572
0.23213
0.050842
0.072304
0.012638
0.0084103
0.0040378
0.07968
0.005313
0.16369
0.059259
0.022838
0.12776
0.19271
0.15531
0.16274
0.0591
0.00064611
0.034326
0.083072
0.023736
0.028716
0.0045151
0.10546
0.21186
0.020515
0.12476
0.023501
0.18918
0.25417
0.0093875
0.016109
0.1617
0.10508
0.17066
0.007718
0.26928
0.091383
0.029112
0.047471
0.017416
0.10991
0.036802
0.048842
0.0013371
0.073174
0.10717
0.034523
0.045353
0.080539
0.057488
0.042644
0.013242
0.1653
0.10758
0.26868
0.022521
0.017672
0.12971
0.076386
0.071524
0.11324
0.021934
0.034835
0.037299
0.0034331
0.24985
0.024349
0.014383
0.02577
0.00066739
0.0022123
0.016373
0.16248
0.047372
0.15691
0.063428
0.18755
0.0047435
0.030814
0.00083436
0.0046808
0.042967
0.21764
0.021336
0.18299
0.038777
0.027465
0.0090311
0.028259
0.18126
0.078766
0.0065544
0.017834
0.031845
0.027819
0.015627
0.092605
0.10081
0.08327
0.014198
0.0553
0.1539
0.055937
0.0047135
0.034921
0.012866
0.076768
0.16326
0.17777
0.035475
0.065933
0.012043
0.21903
0.02782
0.070013
0.37937
0.0042015
0.11147
0.031256
0.012186
0.098848
0.0079482
0.0058315
0.089188
0.012225
0.068913
0.13302
0.013816
0.0066992
0.010196
0.061298
0.10919
0.041383
0.084219
0.15766
0.112
0.14042
0.094614
0.035004
0.018281
0.01589
0.13102
0.14551
0.12173
0.052015
0.079447
0.037501
0.0039725
0.091093
0.030849
0.094407
0.069979
0.024148
0.20345
0.00045674
0.0052252
0.012903
0.17258
0.003747
0.035841
0.080596
0.32311
0.05527
1.7004e-05
0.023263
0.036608
0.014641
0.07417
0.021778
0.064823
0.1838
0.0043674
0.15793
0.016565
0.013662
0.06712
0.28125
0.30153
0.070009
0.018963
0.0053879
0.046706
0.20493
0.05704
0.070688
0.077735
0.079549
0.0013348
0.033589
0.095598
0.0047482
0.23536
0.035739
0.023175
0.0034931
0.0004891
0.11909
0.44094
0.1442
0.12267
0.034009
0.034507
0.015801
0.15243
0.01767
0.038679
0.048106
0.031421
0.00074081
0.064758
0.084831
0.072356
0.0062557
0.014336
0.097367
0.025502
0.24875
0.0011447
0.14954
0.13333
0.019079
0.072368
0.022846
0.15869
0.0354
0.14447
0.091574
0.034184
0.3512
0.04746
0.080141
0.08918
0.040429
0.042873
0.19355
0.045114
0.011
0.024607
0.11031
0.0020019
0.0022725
0.0050436
0.061768
0.02639
0.010925
0.055491
0.019195
0.010052
0.023661
0.035743
0.0019506
0.005813
0.14256
0.049731
0.077908
0.14194
0.074006
0.06395
0.0083107
0.11551
0.16054
0.29582
0.012611
0.089967
0.065796
0.011801
0.034644
0.013836
0.044697
0.051524
0.070228
0.20628
0.021496
0.29542
0.054753
0.0066758
0.4993
0.042922
0.016037
0.023076
0.11544
0.00015217
0.0060205
0.02116
0.15849
0.0073185
0.0049529
0.0050943
0.03454
0.05696
0.15952
0.037339
0.05174
0.027543
0.10299
0.026592
0.0014912
0.021048
0.0064932
0.0038293
0.0027583
0.040637
0.11665
0.010803
0.2151
0.14065
0.0035284
0.083421
0.0028244
0.022241
0.023205
0.062576
0.0075585
0.035559
0.077906
0.0088518
0.013641
0.0013759
0.00098627
0.030446
0.3092
0.089855
0.076352
0.098761
0.018778
0.02565
0.0036664
0.037325
0.05148
0.026549
0.10108
0.21416
0.10439
0.0078229
0.15219
0.0016735
0.057744
0.11493
0.035047
0.056261
0.01334
0.17994
0.26114
0.0093709
0.14576
0.0023438
0.029482
0.088027
0.021115
0.039533
0.027706
0.028579
0.018993
0.22129
0.012004
0.059355
0.12234
0.0056477
0.005964
0.0091439
0.031134
0.055361
0.035738
0.037338
0.019137
0.063308
0.09474
0.023718
0.23764
0.060943
0.013759
0.069078
0.034671
0.074489
0.00027932
0.2609
0.085598
0.042701
0.063898
0.1005
0.060798
0.012123
0.013636
0.025026
0.066268
0.070004
0.20929
0.0079131
0.18318
0.022216
0.033787
0.053204
0.044922
0.022789
0.10696
0.064163
0.015618
0.15629
0.026661
0.015974
0.025945
0.023756
0.031659
0.017249
0.048104
0.13271
0.074388
0.008949
0.024789
0.060334
0.0044206
0.039382
0.12514
0.021434
0.013732
0.0090469
0.049115
0.16891
0.13698
0.03405
0.028275
0.021053
0.055696
0.13528
0.076342
0.01968
0.10369
0.017805
0.060265
0.28145
0.025481
0.02715
0.019142
0.012324
0.022567
0.084432
0.025121
0.015219
0.080647
0.011059
0.17926
0.0049203
8.4535e-05
0.055186
0.087373
0.089006
0.069775
0.013327
0.026928
0.016666
0.0052754
7.0328e-07
0.0010385
0.046371
0.04612
0.18885
0.077587
0.0040528
0.022069
0.082035
0.052732
0.064329
0.042982
0.12575
0.050592
0.0045592
0.16908
0.063434
0.20957
0.010774
0.012063
0.0092862
0.024376
0.0018844
0.031042
0.0068725
0.20969
0.27393
0.10623
0.033309
0.014696
0.0072907
0.17622
0.0087959
0.0036167
0.038116
0.20936
0.0063216
0.1247
0.012772
0.076989
0.025316
0.0071442
0.13178
0.0074743
0.0079524
0.016642
0.023844
0.0035423
0.059605
0.051134
0.10201
0.012685
0.0074286
0.018459
0.14071
0.16424
0.16498
0.10993
0.051383
0.074428
0.026144
0.017168
0.071316
0.011157
0.090984
0.02932
0.0083454
0.11628
0.042405
0.019755
0.097637
0.011849
0.033174
0.00097567
0.0062226
0.015295
0.0065523
0.072743
0.018729
0.048236
0.017279
0.035235
0.056394
0.19867
0.042965
0.040925
0.04068
0.04217
0.054604
0.025069
0.018926
0.023987
0.043889
0.16301
0.011691
0.05918
0.063438
0.075261
0.056677
0.040965
0.082954
0.046529
0.25728
0.13526
0.14692
0.041541
0.0031215
0.066416
0.0029324
0.077612
0.099528
0.15359
0.030329
0.035919
0.030286
0.013009
0.28213
0.00047753
0.17072
0.0054461
0.095377
0.011746
0.029169
0.083857
0.025473
0.0063163
0.061805
0.0075259
0.0046721
0.0047826
0.0067338
0.10249
0.31318
0.16634
0.019059
0.076737
0.10348
0.14801
0.06512
0.071312
0.029846
0.3345
0.16928
0.035986
0.0015057
0.015247
0.068042
0.0043609
0.002658
0.071419
0.091083
0.050421
0.01726
0.1622
0.01385
0.086091
0.14097
0.0025391
0.011045
0.14221
0.018035
0.095068
0.15165
0.097646
0.011137
0.10924
0.0068794
0.015581
0.0070754
0.26197
0.095607
0.05664
0.056399
0.095537
0.0070333
0.16881
0.024005
0.092543
0.15121
0.030488
0.0014537
0.016786
0.15131
0.1177
0.073328
0.17073
0.015191
0.040978
0.12133
0.032971
0.10328
0.1267
0.030887
0.080761
0.04512
0.10785
0.16074
0.077197
0.10714
0.0090103
0.020967
0.068319
0.024515
0.061162
0.037244
0.13446
0.024267
0.047223
0.052007
0.014052
0.15328
0.021274
0.19844
0.03285
0.063048
0.065938
0.019229
0.020985
0.012833
0.032486
0.049455
0.11234
0.12206
0.0069358
0.053687
0.056311
0.042965
0.036006
0.053973
0.012932
0.055284
0.10138
0.025463
0.0035937
0.10807
0.012911
0.059989
0.042768
0.0046449
0.05743
0.026605
0.05827
0.11604
0.0076753
0.0061662
0.041795
0.098424
0.0037923
0.10786
0.023447
0.047189
0.0093242
0.26652
0.050009
0.055169
0.21833
0.0038811
0.0017666
0.095834
0.063395
0.024623
0.077329
0.0035573
0.11272
0.019676
0.15716
0.075832
0.013227
0.13225
0.07531
0.015091
0.0788
0.02683
0.01841
0.019843
0.024088
0.068872
0.016653
0.014112
0.022921
0.11384
0.077513
0.075454
6.1607e-05
0.013545
0.020751
0.0099173
0.064667
0.010241
0.015066
0.025839
0.25116
1.438e-05
0.014252
0.072464
0.22556
0.048416
0.033871
0.039432
0.090319
0.011715
0.016025
0.020039
0.010872
0.071261
0.044591
0.00084892
0.0027738
0.1282
0.00021079
0.027911
0.17507
0.050866
0.077277
0.050421
0.085644
0.095157
0.0021151
0.0094849
0.0066272
0.0038367
0.0023084
0.19603
0.0049886
0.0075269
0.33347
0.094511
0.003643
0.048684
0.050566
0.18564
0.042623
0.061822
0.06792
0.37579
0.014819
0.0013696
0.064684
0.052584
0.0073708
0.1675
0.002009
0.039861
0.072406
0.044251
0.019966
0.11154
0.035089
0.028893
0.12841
0.0023476
0.10456
0.0070058
0.097131
0.048907
0.0051792
0.032313
0.23119
0.084327
0.091439
0.10287
0.023016
0.036187
0.10711
0.00060112
0.2577
0.025506
0.16214
0.061458
0.073145
0.16838
0.086083
0.0056134
0.02293
0.043262
0.048598
0.036495
0.071769
0.11327
0.1493
0.032377
0.06492
0.18166
0.071785
0.031454
0.042768
0.013897
0.010699
0.0056525
0.034253
0.23084
0.0020773
0.0055147
0.12829
0.023972
0.20229
0.0075606
0.034403
0.076142
0.15748
0.20856
0.0014049
0.16456
0.024978
0.063681
0.035566
0.0088411
0.01275
0.018718
0.034058
0.061026
0.0069517
0.016724
0.18998
0.22843
0.0086837
0.032255
0.024476
0.032142
0.089661
0.022603
0.0057779
0.061757
0.075373
0.12569
0.023515
0.038859
0.011621
0.041023
0.11245
0.014118
0.0051649
0.034944
0.03083
0.028657
0.02551
0.13903
0.091389
0.021632
0.061732
0.035476
0.1091
0.013623
0.028595
0.098008
0.16875
0.00080665
0.025852
0.018513
0.029202
0.0010838
0.09163
0.083378
0.036565
0.0021724
0.091306
0.038044
0.032724
0.045276
0.04559
0.080748
0.11524
0.09703
0.044621
0.024134
0.22694
0.0024623
0.050881
0.053294
0.016638
0.093281
0.017036
0.082477
0.19745
0.029418
0.062232
0.01104
0.21227
0.006587
0.17601
0.0097671
0.021095
0.030438
0.041183
0.092476
0.02041
0.036989
0.006662
0.13758
0.0075099
0.00085492
0.063839
0.1102
0.045249
0.052073
0.12482
0.0040287
0.055004
0.024647
0.055063
0.00332
0.019676
0.0023485
0.0045209
0.1148
0.023745
0.16269
0.00069379
0.016964
0.10338
0.028924
0.070722
0.02733
0.040915
0.013457
0.042664
0.12255
0.042012
0.010741
0.053547
0.12572
0.023134
0.084525
0.062933
0.058941
0.13895
0.001607
0.0018779
0.3143
0.041759
0.10996
0.0085888
0.0085983
0.033704
0.074782
0.060731
0.015217
0.022608
0.14293
0.028665
0.02193
0.015586
0.09881
0.099728
0.30872
0.032441
0.017893
0.0077981
0.17815
0.05294
0.012083
0.041732
0.057515
0.047866
0.064107
0.035142
0.036303
0.11482
0.023324
0.026329
0.011221
0.087629
0.01251
0.076033
0.01942
0.0046502
0.02047
0.17071
0.041962
0.014303
0.042577
0.20113
0.023796
0.056715
0.52833
0.023193
0.048504
0.0020678
0.060762
0.088948
0.10522
0.02712
0.06688
0.13712
0.10224
0.030138
0.051176
0.045736
0.006309
0.32287
0.033221
0.19133
0.080532
0.044808
0.11746
0.043556
0.028453
0.017962
0.00051848
0.058025
0.0064674
0.11176
0.023912
0.044476
0.047253
0.061075
0.13073
0.011153
0.15255
0.011278
0.010918
0.086752
0.16247
0.035745
0.010107
0.022936
0.09035
0.085356
0.08448
0.018453
0.016436
0.067376
0.0022838
0.0024012
0.030812
0.019303
0.0056793
0.14991
0.052583
0.0091947
0.027631
0.01093
0.18388
0.00091055
0.019026
0.0015919
0.068161
0.031032
0.04534
0.010165
0.18578
0.048076
0.1051
0.020905
0.017965
0.1766
0.05859
0.0040875
0.052326
0.095616
0.098266
0.085907
0.011686
0.051155
0.004842
0.050949
0.055967
0.031872
0.05116
0.18405
0.050475
0.004993
0.042857
0.12184
0.11097
0.039269
0.0045921
0.23955
0.12289
0.12659
0.044613
0.061777
0.014717
0.1341
0.023572
0.03361
0.011021
0.030008
0.018066
0.016957
0.028726
0.092399
0.13206
0.045004
0.06109
0.21715
0.24549
0.027477
0.076493
0.1128
0.015132
0.029632
0.019006
0.031461
0.018758
0.0049259
0.14187
0.015608
0.16919
0.022394
0.004906
0.12739
0.0031033
0.002972
0.052324
0.093034
0.18572
0.0085387
0.031386
0.03353
0.067349
0.0077932
0.18984
0.10774
0.0049573
0.1109
0.13951
0.014393
0.019564
0.047374
0.066308
0.13728
0.15132
0.045424
0.003885
0.099126
0.16848
0.042064
0.078476
0.0144
0.36636
0.091507
0.024066
0.10959
0.00025563
0.015923
0.072245
0.037669
0.046032
0.10222
0.012946
0.026754
0.015236
0.017292
0.14182
0.02227
0.016662
0.066139
0.11166
0.033694
0.088347
0.059837
0.07387
0.086234
0.40335
0.07571
0.024467
0.042084
0.0068893
0.18087
0.0017044
0.1385
0.031141
0.062214
0.058706
0.013352
0.038028
0.049703
0.31305
0.074493
0.085472
0.058047
0.097899
0.022326
0.064889
0.11088
0.14583
0.025391
0.075888
0.187
0.025568
0.0088756
0.15899
0.069309
0.10398
0.16701
0.091081
0.10559
0.029066
0.0059956
0.01932
0.007753
0.0096266
0.28749
0.071648
0.20422
0.023349
0.095382
0.046521
0.20585
0.009468
0.030818
0.083794
0.0016697
0.16997
0.21838
0.028899
0.0014868
0.14231
0.063569
0.0853
0.14067
0.06087
0.075633
0.0084782
0.012972
0.028253
0.036332
0.095888
0.095643
0.077341
0.099941
0.1242
0.006085
0.014305
0.0068028
0.012409
0.17384
0.12325
0.26432
0.073567
0.10642
0.039408
0.24382
0.12577
0.030379
0.033139
0.037776
0.0021474
0.027508
0.030792
0.21665
0.099285
0.066104
0.017622
0.039334
0.019923
0.043613
0.012902
0.10569
0.0029527
0.024929
0.093792
0.083789
0.16432
0.022616
0.0035796
0.033873
0.0048055
0.026784
0.0012984
0.026843
0.012384
0.0068084
0.0021155
0.07623
0.03032
0.085151
0.18403
0.13185
0.072886
0.036331
0.11686
0.035874
0.024118
0.037353
0.0068956
0.17604
0.2613
0.024851
0.11986
0.044891
0.032223
0.075447
0.066117
0.0012599
0.14906
0.0057685
0.0091837
0.1452
0.12839
0.016243
0.11725
0.031208
0.048806
0.013969
0.014966
0.035392
0.0074472
0.10075
0.011725
0.13237
0.03365
0.061275
0.025504
0.036935
0.06143
0.12809
0.098909
0.075275
0.15354
0.067851
0.063192
0.081651
0.0032229
0.00074776
0.0045538
0.087385
0.18745
0.070555
0.0064791
0.35851
0.13077
0.081512
0.13864
0.22888
0.0053409
0.0016726
0.054282
0.1273
0.00044538
0.020922
0.022251
0.05901
0.00037815
0.0048549
0.1314
0.052686
0.057085
0.0030809
0.059478
0.012535
0.44948
0.040208
0.019766
0.10041
0.081447
0.012176
0.0058326
0.01157
0.024714
0.00054732
0.023292
0.10729
0.1322
0.10768
0.16068
0.028298
0.022686
0.074137
0.11495
0.0046528
0.14848
0.001164
0.10568
0.0044595
0.023692
0.099653
0.12888
0.019228
0.16129
0.035326
0.039561
0.10143
0.023894
0.049893
0.04434
0.047564
0.014487
0.065252
0.01941
0.12588
0.04321
0.10939
0.11463
0.022916
0.0056618
0.030556
0.089031
0.032771
0.046231
0.0075438
0.023049
0.029993
0.0067509
0.012012
0.030911
0.11384
0.0035393
0.024596
0.021336
0.01213
0.062025
0.091877
0.072238
0.00098755
0.093225
0.05966
0.2634
0.014361
0.051079
0.14816
0.00010855
0.022745
0.051438
0.12809
0.07606
0.038584
0.05311
0.0060253
0.12826
0.041937
0.018538
0.018356
0.011933
0.021523
0.037566
0.13928
0.050905
0.044171
0.020897
0.039407
0.099231
0.046333
0.22412
0.011429
0.10819
0.039954
0.018271
0.20151
0.054817
0.17744
0.041207
0.034675
0.080238
0.0075259
0.017603
0.024242
0.0018313
0.0062515
0.0037353
0.019649
0.17395
0.090573
0.068137
0.005693
0.019099
0.088744
0.1412
0.015677
0.012082
0.087893
0.012448
0.053432
0.006234
0.014124
0.087661
0.10485
0.062711
0.012505
0.093939
0.014089
0.083959
0.040644
0.087905
0.028775
0.055668
0.074446
0.078584
0.048217
0.010774
0.050327
0.0020633
0.050459
0.1882
0.11146
0.035724
0.002655
0.029176
0.011414
0.034841
0.038088
0.35003
0.081439
0.02507
0.0073097
0.019629
0.017784
0.016115
0.19592
0.014124
0.30051
0.067851
0.023806
0.032753
0.012937
0.17692
0.18109
0.043103
0.11801
0.16944
0.10376
0.0363
0.16914
0.18085
0.0030648
0.041928
0.00073367
0.01908
0.019609
0.080172
0.00277
0.057387
0.16041
0.23039
0.059238
0.03104
0.33378
0.0786
0.068258
0.021881
0.07047
0.14202
0.038693
0.005209
0.082956
0.039382
0.012846
0.07763
0.31107
0.016856
0.082429
0.0037608
0.38623
0.04697
0.13582
0.082208
0.03805
0.07032
0.011414
0.039935
0.11343
0.0067363
0.2051
0.038132
0.027448
0.0067349
0.01609
0.063083
0.0090167
0.043899
0.13908
0.048559
0.14918
0.081712
0.057488
0.18721
0.060018
0.015206
0.0033579
0.0031326
0.076339
0.025795
0.0042895
0.025958
0.11449
0.0087985
0.00098021
0.073018
0.090569
0.034365
0.017878
0.027671
0.26037
0.079718
0.1456
0.13265
0.017883
0.048543
0.038615
0.081339
0.0094766
0.12533
0.27484
0.030874
0.025718
0.044537
0.00027141
0.041263
0.061429
0.037067
0.18302
0.010009
0.090712
0.12003
0.04703
0.097366
0.077573
0.04332
0.0092574
0.010669
0.20308
0.13268
0.089872
0.0061441
0.092293
0.063306
0.076688
0.054058
0.14179
0.014232
0.1052
0.013142
0.0086058
0.39689
0.010708
0.082759
0.15278
0.055208
0.12442
0.20522
0.015167
0.0080505
0.01306
0.079383
0.0078622
0.017938
0.19808
0.023859
0.1845
0.16231
0.040851
0.017972
0.082581
0.00066067
0.033111
0.0032122
0.095216
0.0091563
0.049944
0.19616
0.18121
0.013417
0.15463
0.0004395
0.043111
0.017199
0.067204
0.18396
0.010684
0.094213
0.20389
0.20117
0.019969
0.053781
0.020962
0.0094778
0.062513
0.038718
0.016693
0.058438
0.015142
0.047633
0.0066214
0.084931
0.019572
0.13832
0.069115
0.040145
0.071755
0.021272
0.0081722
0.0046326
0.0074025
0.014766
0.016662
0.020413
0.030962
0.022722
0.078779
0.037765
0.0038437
0.020299
0.014697
0.03344
0.0017854
0.25166
0.039264
0.086867
0.11076
0.11846
0.1143
0.079701
0.062416
0.027159
0.061962
0.048129
0.015961
0.090233
0.0225
0.2296
0.049599
0.012675
0.034701
0.029993
0.016281
0.023191
0.01799
0.065382
0.0057752
0.0013178
0.33178
0.03716
0.019986
0.003703
0.24344
0.0045401
0.033269
0.13437
0.076603
0.092442
0.21772
0.10864
0.07915
0.00043862
0.0012326
0.042992
0.031967
0.017934
0.00017409
0.0023791
0.40483
0.0060963
0.093632
0.17072
0.0056327
0.005535
0.088951
0.016799
0.058663
0.021893
0.46097
0.0094708
0.013087
0.085157
0.0089732
0.078272
0.13334
0.021065
0.1055
0.11296
0.063283
0.019452
0.054244
0.078986
0.022877
0.070829
0.0025958
0.1496
0.0046467
0.0041227
0.31559
0.24451
0.038901
0.017475
0.021393
0.037037
0.072984
0.033178
0.0056433
0.0061049
0.077795
0.087791
0.023831
0.076838
0.027134
0.035347
0.16022
0.061702
0.034483
0.21312
0.045799
0.27358
0.051804
0.094091
0.011583
0.051876
0.0062566
0.15677
0.0032378
0.063174
0.12393
0.30992
0.064533
0.053367
0.053914
0.29818
0.076932
0.086198
0.0076176
0.019174
0.097912
0.075471
0.00094841
0.0029699
0.014555
0.010136
0.20491
0.13339
0.042438
0.023192
0.11762
0.060118
0.004332
0.0018154
0.015603
0.18408
0.054492
0.11675
0.088989
0.055531
0.097076
0.11966
0.052611
0.099488
0.0026371
0.062424
0.065896
0.00036555
0.0728
0.0059648
0.063844
0.45868
0.015533
0.053896
0.14005
0.00866
0.047158
0.3204
0.0031166
0.062452
0.0076138
0.0072389
0.27936
0.0071691
0.0074102
0.15473
0.0019819
0.055872
0.0044119
0.038346
0.092262
0.01385
0.030707
0.1068
0.062652
0.19259
0.00053609
0.04084
0.0027301
0.10215
0.022016
0.047751
0.090164
0.0097275
0.080811
0.14871
0.0615
0.10359
0.041865
0.040355
0.0042989
0.0027624
0.0024751
0.043502
0.033456
0.00041335
0.034327
0.029284
0.12944
0.077042
0.018465
0.034896
0.1316
0.036399
0.028097
0.022319
0.023257
0.08018
0.13347
0.0017604
0.034141
0.10635
0.087949
0.16737
0.022789
0.0029738
0.12787
0.023863
0.01387
0.0054001
0.041786
0.061299
0.016282
0.049712
0.034156
0.073343
0.086695
0.018057
0.36755
0.025735
0.10648
0.025117
0.084516
0.0082048
0.059924
0.018546
0.083007
0.059832
0.083719
0.034704
0.062522
0.1405
0.12817
0.020125
0.086877
0.0098481
0.11983
0.022925
0.093884
0.025826
0.071006
0.048455
0.020203
0.066421
0.076923
0.017205
0.013689
0.038366
0.10321
0.061323
0.030661
0.011791
0.16385
0.01498
0.0072013
0.010148
0.0044147
0.056799
0.0065375
0.046133
0.25009
0.0020617
0.036237
0.082614
0.058537
0.074127
0.013684
0.38779
0.017718
0.030151
0.024
0.0097555
0.17297
0.021247
0.069177
0.016182
0.1394
0.018919
0.26788
0.05758
0.0082343
0.010839
0.071158
0.025358
0.060048
0.051445
0.030679
0.00047098
0.18245
0.066489
0.10593
0.057824
0.065529
0.013467
0.037156
0.019916
0.039719
0.032594
0.10103
0.022405
0.07102
0.02176
0.0011454
0.020274
0.030917
0.11956
0.0092884
0.044392
0.089107
0.10666
0.0044045
0.014471
0.012377
0.14093
0.071187
0.069986
0.099301
0.00012876
0.098653
0.085685
0.06807
0.064347
0.037721
0.036737
0.15523
0.045036
0.062854
0.03853
0.015447
0.034108
0.12371
0.10942
0.2528
0.044226
0.14808
0.036146
0.064013
0.056023
0.077437
0.063895
0.080722
0.0071884
0.026261
0.016328
0.011042
0.011688
0.060183
0.22296
0.27076
0.0073061
0.0051
0.074795
0.015532
0.025673
0.010729
0.008693
0.084356
0.14973
0.029788
0.12643
0.20844
0.062796
0.0033031
0.10692
0.053416
0.042554
0.10802
0.027854
0.29102
0.011107
0.070263
0.11708
0.085537
0.022855
0.050589
0.0056528
0.082707
0.035619
0.079219
0.0027708
0.015913
0.033501
0.0524
0.011683
0.028455
0.065431
0.20107
0.016539
3.1816e-05
0.03256
0.10648
0.015074
0.00024065
0.073082
0.017224
0.016326
0.017683
0.023172
0.00040552
0.051784
0.020429
0.0074787
0.19399
0.11336
0.38953
0.0077602
0.035328
0.1685
0.054321
0.21186
0.10762
0.1323
0.048622
0.012355
0.15162
0.061314
0.009282
0.052778
0.00036065
0.065106
0.014715
0.023727
0.13447
0.16261
0.0011982
0.13027
0.066522
0.12005
0.014523
0.016136
0.10782
0.0063375
0.051758
0.05197
0.022285
0.15164
0.036126
0.0014043
0.030448
0.025171
0.023737
0.052699
0.041675
0.097903
0.036421
0.031883
0.011471
0.011249
0.10283
0.020605
0.0067501
0.08756
0.0093393
0.012064
0.064634
0.017957
0.034337
0.074779
0.072634
0.058868
0.15903
0.085948
0.25196
0.024389
0.005071
0.06277
0.089604
0.007056
0.016756
0.087208
0.065105
0.014435
0.008784
0.023779
0.084529
0.10291
0.038326
0.026755
0.23076
0.0032123
0.014821
0.059503
0.026802
0.034848
0.067385
0.10285
0.00014704
0.020375
0.039682
0.055989
0.1047
0.012045
0.057733
0.15783
0.0072087
0.029084
0.028241
0.07943
0.022277
0.054202
0.018055
0.027295
0.0045543
0.087403
0.3579
0.018317
0.011711
0.062594
0.074177
0.0059011
0.047578
0.0041152
0.023381
0.1433
0.049364
0.070388
0.012065
0.039565
0.16183
0.049529
0.0018409
0.050641
0.12527
0.032681
0.0022365
0.0089942
0.17127
0.0082848
0.0029038
0.00035885
0.01165
0.092425
0.087261
0.15593
0.081219
0.12401
0.017728
0.051345
0.017146
2.7384e-05
0.010603
0.033408
0.044026
0.096739
0.12761
0.019165
0.030742
0.041124
0.0093916
0.082718
0.042885
0.15496
0.072365
0.024897
0.0069791
0.015437
0.011552
0.046036
0.082425
0.049694
0.081795
0.066277
0.029381
0.055897
0.0041562
0.073862
0.016351
0.10617
0.077839
0.086631
0.021422
0.12152
0.038879
0.10765
0.12596
0.01586
0.0045592
0.10122
0.1207
0.012509
0.029564
0.014517
0.036116
0.080245
0.031847
0.12293
0.063564
0.0053514
0.056583
0.010211
0.0012307
0.035259
0.022288
0.037105
0.016511
0.026232
0.13151
0.0096432
0.14009
0.022033
0.0030412
0.049407
0.15182
0.19716
0.014302
0.44872
0.030065
0.066372
0.059329
0.058977
0.055094
0.010433
0.018474
0.0051473
0.013793
0.072584
0.10752
0.025066
0.15352
0.006376
0.032218
0.013899
0.031176
0.11819
0.1766
0.010309
0.12774
0.19732
0.031928
0.047886
0.048358
0.004892
0.12489
0.012909
0.023341
0.0043002
0.035176
0.10762
0.090371
0.028415
0.062704
0.065968
0.25714
0.015009
0.095595
0.023998
0.016561
0.018267
0.011371
0.017269
0.026115
0.16076
1.9224e-05
0.055302
0.181
0.01717
8.6868e-06
0.036715
0.031564
0.12728
0.026914
0.037069
0.08253
0.024798
0.00022897
0.041689
0.10623
0.027348
0.022359
0.049441
0.1729
0.00039618
0.23212
0.017164
0.03226
0.0021252
0.058402
0.041193
0.012958
0.059184
0.12433
0.034268
0.031117
0.010885
0.00026603
0.069257
0.57259
0.19538
0.047827
0.00054787
0.23173
0.064489
0.12011
0.0076557
0.026757
0.0063041
0.015213
0.045051
0.18901
0.040639
0.057314
0.032853
0.0015995
0.0018028
5.6217e-05
0.041208
0.018827
0.13155
0.11314
0.095497
0.0042621
0.17546
0.021167
0.11242
0.011164
0.073135
0.012416
0.011248
0.074762
0.10693
0.12395
0.0047668
0.020135
