0.06184
0.030427
0.047732
0.031518
0.074991
0.014405
0.0059715
0.048733
0.086986
0.20025
0.074298
0.031137
0.045198
0.032364
0.10272
0.18827
0.028002
0.025117
0.16397
0.027238
0.025767
0.0245
0.022072
0.047005
0.058949
0.048449
0.14291
0.024577
0.098875
0.025713
0.016511
0.022778
0.083873
0.11143
0.15166
0.023248
0.057224
0.06639
0.047902
0.089373
0.11494
0.041553
0.060891
0.15356
0.17929
0.032022
0.10481
0.034251
0.05265
0.026904
0.031253
0.050891
0.098604
0.082949
0.027464
0.050938
0.14734
0.046682
0.071102
0.069252
0.14286
0.084019
0.079912
0.045571
0.037392
0.11187
0.13232
0.14357
0.1012
0.21007
0.01827
0.031428
0.071667
0.13408
0.05256
0.022823
0.079918
0.062613
0.066181
0.033103
0.022746
0.11018
0.092127
0.0033631
0.034002
0.073634
0.077567
0.085605
0.030796
0.053234
0.0519
0.13734
0.036212
0.094424
0.010675
0.14333
0.028238
0.066939
0.014187
0.018364
0.040179
0.0043243
0.016795
0.062611
0.012158
0.086885
0.041658
0.0088941
0.073081
0.01445
0.043995
0.16053
0.032295
0.14203
0.017947
0.1907
0.080176
0.015795
0.056815
0.04762
0.034379
0.016901
0.11333
0.076163
0.023541
0.0594
0.15543
0.07448
0.013144
0.13166
0.027517
0.0036972
0.13023
0.01231
0.081455
0.035432
0.17215
0.080976
0.017371
0.066044
0.15236
0.056691
0.070355
0.025562
0.011205
0.036995
0.047053
0.058641
0.01707
0.079173
0.047471
0.18297
0.030293
0.07449
0.11141
0.12802
0.046502
0.1374
0.27168
0.020948
0.12003
0.16738
0.1601
0.028493
0.010142
0.15052
0.042608
0.020799
0.16153
0.2386
0.012968
0.061254
0.022091
0.0098406
0.13714
0.13547
0.015748
0.089928
0.12512
0.019237
0.063503
0.054152
0.0025117
0.14905
0.041628
0.14009
0.012617
0.01076
0.051595
0.086591
0.011454
0.068403
0.025394
0.1074
0.1036
0.18115
0.054252
0.060658
0.023616
0.037023
0.034729
0.081238
0.051551
0.054725
0.07634
0.028846
0.036724
0.047123
0.17278
0.13249
0.087633
0.015809
0.024697
0.03745
0.073705
0.0067678
0.018032
0.075538
0.036651
0.063475
0.13226
0.10529
0.11102
0.048238
0.087282
0.22372
0.045666
0.052734
0.045362
0.060688
0.00077379
0.089853
0.097986
0.11464
0.017158
0.14128
0.02174
0.017265
0.05924
0.015889
0.033291
0.042501
0.042284
0.010493
0.002918
0.037892
0.1336
0.21214
0.11211
0.085095
0.051196
0.074058
0.19301
0.058781
0.066806
0.090269
0.017256
0.053593
0.081507
0.16325
0.072669
0.063897
0.10991
0.17442
0.031923
0.11234
0.092508
0.048982
0.027742
0.02135
0.060819
0.063095
0.058812
0.028124
0.093261
0.022114
0.034142
0.30172
0.12975
0.03909
0.017417
0.074799
0.035356
0.0032557
0.010841
0.056795
0.042028
0.077019
0.16021
0.10753
0.16432
0.0022736
0.064254
0.027264
0.029275
0.063079
0.066258
0.023211
0.046098
0.069488
0.089434
0.089933
0.032367
0.035891
0.051841
0.015167
0.17825
0.013846
0.043009
0.18178
0.0031705
0.01343
0.091267
0.053138
0.082625
0.079594
0.057102
0.023435
0.062138
0.0018553
0.078219
0.018602
0.21121
0.026113
0.085509
0.10054
0.040202
0.0052227
0.047971
0.016489
0.055928
0.071782
0.053555
0.094643
0.036685
0.072616
0.1386
0.048248
0.14331
0.0081724
0.087321
0.032142
0.020382
0.17994
0.10609
0.045222
0.020483
0.035786
0.19429
0.036239
0.013106
0.1841
0.15637
0.074065
0.013518
0.037769
0.021012
0.016305
0.042413
0.049422
0.064819
0.067127
0.16336
0.21892
0.022847
0.037326
0.096386
0.11821
0.074744
0.04218
0.10892
0.20324
0.16121
0.08724
0.045198
0.069303
0.013049
0.055554
0.020369
0.056513
0.074341
0.11429
0.032092
0.079569
0.051693
0.041359
0.028577
0.065838
0.23573
0.11713
0.1007
0.056673
0.10328
0.041623
0.035209
0.027832
0.10036
0.11748
0.019337
0.11251
0.032208
0.046316
0.13251
0.049356
0.073466
0.084217
0.052346
0.017659
0.065443
0.081456
0.07143
0.087571
0.012012
0.0072397
0.033895
0.15908
0.022642
0.098119
0.035938
0.011421
0.15849
0.092518
0.026812
0.056318
0.043986
0.14539
0.05092
0.0064375
0.031438
0.010305
0.18829
0.031668
0.16552
0.031842
0.19588
0.047813
0.09165
0.071401
0.0061769
0.11656
0.059709
0.16101
0.019269
0.040772
0.28407
0.0062392
0.10948
0.10798
0.025957
0.0015707
0.052668
0.1536
0.1856
0.10884
0.089962
0.022313
0.017659
0.13476
0.11243
0.22338
0.084683
0.03712
0.0065789
0.19159
0.033172
0.1075
0.12893
0.029656
0.0046116
0.078712
0.039529
0.036529
0.14202
0.0050595
0.10478
0.054496
0.020266
0.036447
0.056562
0.072168
0.13445
0.10405
0.034591
0.070816
0.13171
0.022188
0.15716
0.015795
0.056787
0.12763
0.029432
0.068973
0.12975
0.16374
0.016797
0.026058
0.098995
0.095111
0.045196
0.19444
0.019829
0.0048964
0.02897
0.010203
0.1513
0.011886
0.021529
0.04087
0.00034141
0.11195
0.0018236
0.23175
0.074517
0.050607
0.050499
0.063163
0.066955
0.11566
0.11724
0.018051
0.035454
0.077241
0.11902
0.10162
0.092525
0.013355
0.0017877
0.16438
0.082821
0.16159
0.042385
0.10252
0.06964
0.057641
0.09645
0.053775
0.023346
0.14398
0.02893
0.061675
0.00033253
0.063513
0.053409
0.16172
0.0047557
0.043361
0.066031
0.01179
0.012189
0.1421
0.10127
0.045631
0.11966
0.099289
0.12421
0.057723
0.042863
0.071409
0.1584
0.082318
0.054972
0.0015525
0.15202
0.042396
0.045552
0.02633
0.063254
0.13406
0.11129
0.015994
0.0081259
0.15124
0.058447
0.090913
0.026182
0.031417
0.098763
0.026986
0.019207
0.073296
0.0083529
0.24978
0.044346
0.12937
0.076847
0.069815
0.036573
0.075999
0.10201
0.026942
0.12153
0.00041402
0.08766
0.14471
0.026057
0.0057252
0.074981
0.037201
0.09254
0.10811
0.019283
0.075402
0.04336
0.022013
0.0063708
0.059477
0.018954
0.053006
0.045809
0.066946
0.036488
0.037516
0.010803
0.044475
0.10721
0.13511
0.12443
0.028657
0.17009
0.17114
0.10178
0.13105
0.11896
0.040471
0.02487
0.28013
0.0028912
0.28239
0.022387
0.15042
0.010685
0.21887
0.045157
0.032079
0.16828
0.031771
0.011074
0.034707
0.014298
0.045757
0.0038339
0.022704
0.0050328
0.067372
0.034462
0.044933
0.074843
0.13932
0.040214
0.051258
0.092734
0.19251
0.033599
0.14188
0.013032
0.18616
0.099676
0.16841
0.0093473
0.28563
0.14182
0.00026654
0.087337
0.23426
0.12126
0.10942
0.0065236
0.13976
0.082332
0.010604
0.074438
0.015298
0.04604
0.055677
0.15924
0.0064563
0.053852
0.022439
0.053281
0.034502
0.0025081
0.1606
0.0072924
0.19301
0.0072608
0.11815
0.11565
0.084448
0.23034
0.079725
0.060476
0.12331
0.020321
0.22673
0.038141
0.031404
0.18434
0.045176
0.27685
0.040005
0.067274
0.044777
0.13148
0.13416
0.0039696
0.031178
0.23613
0.087473
0.078785
0.11524
0.06003
0.13225
0.018883
0.054879
0.046385
0.089159
0.083625
0.064663
0.17703
0.092971
0.035662
0.13404
0.0035991
0.0019096
0.13395
0.07025
0.035431
0.045764
0.012274
0.12744
0.08304
0.062379
0.082513
0.048852
0.050882
0.0058308
0.061063
0.062409
0.051131
0.034532
0.012888
0.095628
0.034135
0.043325
0.094667
0.011955
0.025224
0.0088013
0.013797
0.08487
0.043748
0.063726
0.1444
0.0088395
0.055033
0.011559
0.1058
0.087316
0.041046
0.07537
0.18883
0.024798
0.03809
0.043978
0.16604
0.099035
0.045859
0.0067262
0.10666
0.12292
0.073939
0.069715
0.045864
0.15976
0.0069388
0.11984
0.0043763
0.080372
0.0037835
0.13611
0.10227
0.12111
0.071889
0.060474
0.024294
0.049088
0.062269
0.053804
0.20281
0.064303
0.032533
0.046358
0.0046068
0.038686
0.13197
0.14071
0.011769
0.010699
0.13698
0.19231
0.10123
0.0082571
0.074099
0.076382
0.027567
0.12917
0.018462
0.085047
0.042064
0.21553
0.042463
0.025938
0.067473
0.15046
0.16474
0.043071
0.089054
0.018347
0.16659
0.027942
0.035181
0.034035
0.12819
0.086421
0.028753
0.14704
0.016417
0.051934
0.015986
0.0040707
0.043805
0.097126
0.26134
0.0065708
0.03502
0.13206
0.041934
0.11486
0.0088538
0.10858
0.13217
0.0024804
0.0057382
0.017173
0.068666
0.061754
0.022035
0.070515
0.29344
0.16397
0.06552
0.0056704
0.093182
0.085423
0.032184
0.13497
0.028299
0.020942
0.03747
0.11281
0.00074708
0.015942
0.022911
0.059214
0.055033
0.10898
0.055808
0.10902
0.08739
0.11165
0.061925
0.059101
0.020046
0.083004
0.19853
0.023156
0.036593
0.021071
0.13951
0.18634
0.019406
0.024768
0.0020769
0.22031
0.028335
0.12718
0.090474
0.079809
0.069584
0.01158
0.027575
0.038799
0.018786
0.18035
0.28983
0.17614
0.16717
0.013684
0.092018
0.14644
0.13288
0.027933
0.072597
0.042721
0.16964
0.033557
0.013214
0.10218
0.012856
0.12849
0.013079
0.035611
0.0049151
0.072414
0.010325
0.086434
0.18769
0.042105
0.11722
0.22476
0.048408
0.057531
0.041708
0.021951
0.024498
0.070939
0.096303
0.039248
0.055898
0.20195
0.037017
0.097686
0.079618
0.022834
0.0071751
0.07579
0.0039846
0.15526
0.010383
0.31621
0.021651
0.015748
0.025898
0.012263
0.081836
0.016231
0.04464
0.00015801
0.096661
0.09305
0.016482
0.0856
0.11348
0.064183
0.047096
0.26858
0.1551
0.032024
0.19121
0.086773
0.092712
0.01053
0.034324
0.15467
0.1013
0.11166
0.086708
0.081891
0.018832
0.1505
0.13678
0.11442
0.19592
0.049337
0.018408
0.088296
0.24216
0.070547
0.035912
0.13373
0.10436
0.11573
0.099345
0.042175
0.091751
0.076897
0.04601
0.10876
0.05185
0.087133
0.032716
0.12391
0.012661
0.18192
0.023527
0.27218
0.17284
0.081611
0.072935
0.067917
0.11992
0.18799
0.0095507
0.045755
0.0071385
0.05325
0.0051236
0.12828
0.41458
0.016989
0.087987
0.11754
0.0002103
0.11316
0.097747
0.0074065
0.25003
0.014296
0.039658
0.0066607
0.076582
0.046018
0.10225
0.045977
0.11522
0.036291
0.13194
0.085923
0.026405
0.083644
0.17941
0.031233
0.046296
0.19957
0.024387
0.023882
0.010637
0.050706
0.13784
0.084821
0.049175
0.11148
0.028771
0.03638
0.056033
0.041427
0.0075471
0.2249
0.080684
0.064585
0.10094
0.083411
0.012925
0.017456
0.048547
0.21249
0.097725
0.028552
0.025879
0.036251
0.01866
0.040605
0.028792
0.036005
0.23806
0.10614
0.086254
0.082096
0.22574
0.075635
0.1189
0.070172
0.089942
0.041852
0.12504
0.15228
0.091224
0.088661
0.20872
0.10042
0.085396
0.0051074
0.069075
0.031299
0.11863
0.10639
0.047685
0.041405
0.069327
0.041117
0.01411
0.039563
0.076978
0.091071
0.092578
0.014375
0.13244
0.012352
0.056757
0.084683
0.19217
0.01939
0.010751
0.0083067
0.09141
0.079981
0.090294
0.074428
0.13101
0.12772
0.017974
0.026851
0.060069
0.00026308
0.072516
0.030616
0.013275
0.05941
0.049009
0.030464
0.019548
0.040494
0.066206
0.093366
0.16081
0.032311
0.01429
0.041058
0.055459
0.11966
0.10168
0.052303
0.086551
0.12829
0.011596
0.019728
0.037496
0.064497
0.18805
0.195
0.10075
0.13154
0.040607
0.11878
0.025838
0.10911
0.064735
0.1005
0.027252
0.019898
0.091468
0.072833
0.0093011
0.11572
0.026978
0.042545
0.10345
0.075746
0.10149
0.013262
0.074087
0.016053
0.1519
0.038856
0.061033
0.15118
0.03888
0.17511
0.032407
0.05236
0.002805
0.18247
0.063521
0.19885
0.0051652
0.068378
0.15159
0.048406
0.18551
0.013909
0.097286
0.062663
0.03266
0.052339
0.11523
0.060008
0.038496
0.14646
0.11038
0.067669
0.035505
0.065485
0.0092603
0.026509
0.27001
0.0099472
0.15336
0.072267
0.17605
0.031529
0.0078563
0.037699
0.064112
0.13087
0.16866
0.064903
0.073754
0.01353
0.053462
0.10128
0.058921
0.10805
0.12653
0.088388
0.04562
0.062828
0.026192
0.021363
0.095866
0.039266
0.14408
0.028195
0.23287
0.064259
0.10332
0.032017
0.018151
0.17934
0.038098
0.037133
0.20684
0.065061
0.14441
0.066046
0.012618
0.2465
0.011617
0.090143
0.018186
0.17611
0.10433
0.082985
0.066612
0.14217
0.05576
0.018904
0.037676
0.0097434
0.066497
0.11957
0.072301
0.14994
0.13761
0.14823
0.024024
0.010456
0.067494
0.081667
0.028824
0.061462
0.050125
0.12009
0.072764
0.07854
0.15566
0.0096523
0.028676
0.16057
0.083167
0.09962
0.061704
0.05975
0.010594
0.12729
0.01947
0.027178
0.053772
0.13484
0.045883
0.012812
0.10735
0.045684
0.035289
0.21385
0.087289
0.046539
0.051431
0.10069
0.10437
0.085756
0.014697
0.064413
0.19358
0.042876
0.0088889
0.042164
0.032934
0.20909
0.064802
0.094147
0.0053483
0.070818
0.19563
0.043697
0.064076
0.10884
0.0066645
0.045423
0.020907
0.13245
0.04671
0.028325
0.14354
0.0022452
0.17517
0.11641
0.10827
0.088436
0.05763
0.076067
0.0068889
0.085583
0.038446
0.022962
0.16854
0.1677
0.18413
0.07858
0.0427
0.020076
0.076446
0.057428
0.097304
0.074739
0.024229
0.15484
0.1308
0.18856
0.067244
0.0026368
0.15575
0.021762
0.042649
0.060273
0.064104
0.053728
0.079758
0.036366
0.0090509
0.060184
0.048707
0.093159
0.040135
0.013532
0.024642
0.26485
0.041876
0.18096
0.071874
0.0090519
0.2091
0.025829
0.034946
0.44005
0.060616
0.1041
0.045996
0.041657
0.035729
0.079819
0.040564
0.047933
0.28545
0.15266
0.018901
0.13231
0.148
0.056232
0.071105
0.035795
0.033172
0.0055873
0.072612
0.054878
0.033611
0.014224
0.00054378
0.069497
0.084671
0.1225
0.077419
0.032858
0.043486
0.091933
0.036253
0.10066
0.19846
0.11035
0.044398
0.1009
0.084488
0.064217
0.087935
0.079192
0.071325
0.0057064
0.046812
0.066256
0.097555
0.028284
0.073691
0.080001
0.071365
0.053297
0.030678
0.0035341
0.029998
0.0038416
0.13574
0.11172
0.026956
0.0085572
0.020318
0.1065
0.052201
0.043554
0.0058054
0.0065035
0.11537
0.093439
0.049287
0.058255
0.20221
0.11024
0.093882
0.20435
0.041321
0.081362
0.051057
0.11286
0.0058114
0.050357
0.041339
0.28675
0.059312
0.088192
0.037684
0.14324
0.25677
0.054597
0.068958
0.036487
0.0033076
0.084626
0.076522
0.029344
0.032383
0.002825
0.068049
0.051692
0.012638
0.14667
0.16896
0.019074
0.087329
0.063642
0.033058
0.065584
0.089306
0.23354
0.2983
0.17641
0.19611
0.058715
0.1044
0.080064
0.017179
0.010174
0.0080291
0.26421
0.0095883
0.09693
0.1583
0.021831
0.041596
0.049575
0.38628
0.092187
0.015119
0.067577
0.1081
0.030985
0.12746
0.050276
0.03951
0.20183
0.12689
0.13355
0.032984
0.017007
0.061851
0.06054
0.056608
0.081385
0.11705
0.087836
0.025248
0.18104
0.045945
0.028447
0.026776
0.10596
0.03503
0.086428
0.0098805
0.057881
0.10395
0.1539
0.026104
0.013209
0.056007
0.066948
0.034637
0.0062455
0.04377
0.20211
0.025825
0.046359
0.06325
0.10618
0.061959
0.028687
0.083063
0.012328
0.039723
0.055363
0.048172
0.046741
0.041212
0.14091
0.095768
0.018212
0.11959
0.08854
0.026152
0.054751
0.080725
0.012356
0.17894
0.026613
0.10365
0.017184
0.08478
0.010819
0.078657
0.010636
0.078741
0.11338
0.045816
0.10916
0.089279
0.1052
0.13418
0.077787
0.042736
0.026558
0.061557
0.18945
0.01485
0.078216
0.069083
0.11424
0.033383
0.0542
0.026086
0.13468
0.099318
0.056551
0.074995
0.14021
0.15024
0.14592
0.0075889
0.086493
0.20616
0.074032
0.0027937
0.10383
0.30367
0.037833
0.098849
0.050248
0.027998
0.12593
0.0079011
0.068252
0.1893
0.073308
0.016893
0.19141
0.19262
0.090155
0.06719
0.07078
0.06526
0.11876
0.20148
0.042642
0.024005
0.05101
0.033813
0.10834
0.17115
0.073998
0.088757
0.10243
0.13995
0.052135
0.088581
0.0911
0.03913
0.072381
0.060237
0.15385
0.15778
0.1048
0.033688
0.02273
0.031485
0.20031
0.15149
0.00010146
0.020243
0.017431
0.1063
0.0014807
0.076042
0.039636
0.017101
0.071804
0.050572
0.05729
0.099972
0.020796
0.06609
0.075643
0.024873
0.080779
0.17763
0.10501
0.051038
0.1557
0.050581
0.13914
0.029107
0.044194
0.029754
0.12709
0.12062
0.0091502
0.099069
0.016058
0.043589
0.17338
0.019042
0.031009
0.049024
0.2613
0.023411
0.0062483
0.026092
0.085011
0.0302
0.0016023
0.11762
0.12022
0.065894
0.21894
0.087347
0.086556
0.049538
0.072493
0.038184
0.069188
0.0078787
0.060708
0.029669
0.12858
0.091942
0.031134
0.029184
0.0056228
0.18057
0.020306
0.044904
0.077965
0.020627
0.095291
0.15904
0.047555
0.028921
0.10311
0.074955
0.05007
0.0043368
0.0098773
0.02397
0.11526
0.052677
0.10859
0.036302
0.016971
0.058344
0.061685
0.15211
0.01995
0.037053
0.17017
0.11341
0.031175
0.125
0.091935
0.015182
0.025158
0.060065
0.17229
0.062434
0.044608
0.059817
0.02082
0.19233
0.091334
0.28053
0.020682
0.010697
0.0075777
0.088899
0.025158
0.040997
0.040166
0.13825
0.012675
0.021465
0.10587
0.13394
0.023849
0.012344
0.037387
0.082558
0.016079
0.049715
0.11176
0.10358
0.20438
0.079379
0.039222
0.030854
0.1664
0.12647
0.017293
0.012949
0.013706
0.09812
0.044463
0.021928
0.028879
0.11139
0.061487
0.0091623
0.045108
0.081358
0.0047013
0.091579
0.10882
0.063412
0.034548
0.16075
0.21531
0.056311
0.01485
0.15208
0.027863
0.018722
0.16082
0.087735
0.12641
0.018562
0.061005
0.034456
0.058069
0.093178
0.042657
0.041821
0.026989
0.041322
0.034995
0.12783
0.0055345
0.038775
0.10651
0.1123
0.0034351
0.030911
0.062832
0.039765
0.10965
0.006108
0.10133
0.0012438
0.019008
0.047911
0.02617
0.096214
0.10349
0.16969
0.042197
0.039486
0.095653
0.074434
0.045246
0.16163
0.078391
0.081193
0.073432
0.063327
0.13627
0.080348
0.14451
0.069546
0.12659
0.087709
0.10171
0.10096
0.055452
0.030623
0.15305
0.029463
0.046936
0.10151
0.17306
0.043905
0.17191
0.14096
0.023494
0.061111
0.18665
0.038204
0.18776
0.023816
0.043461
0.070324
0.1352
0.043706
0.020217
0.14991
0.028913
0.11203
0.035464
0.040545
0.11611
0.053533
0.064045
0.04443
0.11924
0.025898
0.089321
0.16974
0.044715
0.10096
0.033146
0.0085578
0.031738
0.053279
0.01301
0.029922
0.060722
0.048718
0.013245
0.19735
0.1416
0.15039
0.062368
0.018664
0.031079
0.043188
0.00012064
0.01656
0.18058
0.12314
0.028657
0.29487
0.029148
0.033411
0.089778
0.0044281
0.046453
0.066201
0.02299
0.069071
0.11093
0.081355
0.046571
0.042317
0.10838
0.24164
0.037721
0.04989
0.1657
0.0065128
0.021347
0.1851
0.0061369
0.035517
0.10658
0.057243
0.0071128
0.0046687
0.026603
0.19177
0.056054
0.048886
0.030267
0.02052
0.039908
0.074197
0.077618
0.18523
0.073596
0.11412
0.023132
0.12287
0.076816
0.099692
0.23842
0.048073
0.1073
0.038842
0.20645
0.12819
0.054602
0.044812
0.053106
0.17402
0.15657
0.024329
0.093001
0.11774
0.12058
0.12095
0.025316
0.055785
0.026964
0.069996
0.023198
0.0087806
0.060543
0.079714
0.070572
0.07546
0.038631
0.0049823
0.028895
0.046866
0.0036567
0.05169
0.02838
0.098426
0.01825
0.044853
0.05914
0.067575
0.1195
0.015868
0.15891
0.027785
0.30601
0.16888
0.14111
0.0086234
0.02689
0.052685
0.023764
0.05042
0.012668
0.018975
0.020024
0.11647
0.040504
0.17148
0.013342
0.034791
0.11576
0.042433
0.24026
0.022703
0.24637
0.018703
0.12885
0.033072
0.078432
0.049805
0.0065948
0.043095
0.1798
0.11445
0.17259
0.24193
0.053693
0.012756
0.020971
0.067966
0.15692
0.07264
0.076341
0.040831
0.050574
0.11776
0.043965
0.087302
0.015792
0.028219
0.028758
0.053472
0.053667
0.16811
0.083143
0.035174
0.097279
0.13511
0.044106
0.052555
0.15587
0.03566
0.08964
0.011255
0.025804
0.053837
0.073375
0.023039
0.12588
0.029794
0.094913
0.10439
0.10003
0.079409
0.012996
0.018398
0.057287
0.15147
0.046337
0.050856
0.27831
0.05646
0.099362
0.063365
0.11073
0.01321
0.11634
0.038935
0.11105
0.03898
0.097143
0.06901
0.0025556
0.15594
0.026806
0.0047309
0.14642
0.035301
0.042597
0.085752
0.041628
0.042588
0.10654
0.037537
0.096707
0.009768
0.033406
0.062342
0.071949
0.027392
0.091325
0.0078301
0.060082
0.036743
0.087286
0.0762
0.055542
0.13149
0.056497
0.067797
0.029335
0.0060218
0.067216
0.0048195
0.058862
0.11253
0.057651
0.19379
0.029697
0.2967
0.050472
0.10336
0.067501
0.022249
0.019458
0.0046657
0.05264
0.09838
0.25907
0.058776
0.10375
0.068247
0.2622
0.045013
0.097479
0.011941
0.01744
0.069238
0.11102
0.053726
0.036152
0.031918
0.078489
0.037924
0.11764
0.099778
0.044163
0.038242
0.053231
0.07504
0.011288
0.097595
0.16387
0.12858
0.21273
0.027642
0.039186
0.1803
0.14628
0.024736
0.070031
0.079154
0.026704
0.023561
0.073188
0.076323
0.10584
0.085957
0.057368
0.0090506
0.082154
0.0064336
0.07982
0.058231
0.10688
0.02835
0.024367
0.16847
0.009689
0.024065
0.048283
0.17435
0.040484
0.12329
0.12368
0.067358
0.11421
0.021493
0.026287
0.064272
0.010809
0.027717
0.05266
0.11249
0.051319
0.14625
0.0069481
0.027683
0.069308
0.056808
0.097478
0.3184
0.021516
0.023473
0.031965
0.21236
0.040698
0.050382
0.30903
0.0016392
0.0091298
0.028807
0.033103
0.056905
0.21
0.02819
0.1065
0.061165
0.10093
0.25779
0.039778
0.074111
0.070292
0.11481
0.024302
0.03342
0.16978
0.016066
0.071002
0.21224
0.075597
0.012148
0.056241
0.045142
0.033362
0.075168
0.093397
0.002098
0.013444
0.1466
0.013739
0.04199
0.0074707
0.068657
0.068663
0.01409
0.014581
0.059412
0.089008
0.084104
0.059652
0.13308
0.20652
0.013983
0.16239
0.11994
0.038133
0.089801
0.017249
0.03151
0.1865
0.030336
0.035096
0.012417
0.01066
0.088561
0.063585
0.13743
0.15828
0.053662
0.13765
0.084528
0.081998
0.0586
0.037324
0.24228
0.030089
0.032079
0.10366
0.00759
0.14681
0.13862
0.13265
0.0091846
0.12953
0.14596
0.079551
0.02022
0.0065955
0.019956
0.16443
0.044766
0.11549
0.047445
0.010116
0.073153
0.0086211
0.030087
0.17711
0.13499
0.016527
0.08743
0.02759
0.015007
0.058167
0.062974
0.036156
0.092946
0.039561
0.012193
0.023307
0.032457
0.035136
0.046048
0.040774
0.077387
0.044184
0.17131
0.11347
0.089279
0.015181
0.11523
0.10152
0.020229
0.06735
0.007306
0.04723
0.052926
0.037668
0.08413
0.0028751
0.07268
0.0064216
0.024226
0.0074065
0.058895
0.14937
0.050919
0.041275
0.039658
0.023769
0.021542
0.12325
0.049738
0.15196
0.022634
0.088209
0.02883
0.0095369
0.0031613
0.18515
0.018975
0.036658
0.058091
0.092847
0.092126
0.0098389
0.004325
0.003451
0.040165
0.13094
0.11815
0.0085917
0.10276
0.1102
0.022151
0.067278
0.02754
0.13248
0.15955
0.12335
0.11342
0.054774
0.10145
0.0037596
0.20156
0.025117
0.032641
0.030144
0.071148
0.056575
0.068672
0.12246
0.051157
0.093524
0.10111
0.045948
0.035503
0.062042
0.14723
0.041283
0.062862
1.6533e-05
0.083301
0.10792
0.17321
0.21755
0.12774
0.10997
0.078045
0.013949
0.12973
0.049379
0.044137
0.073822
0.13494
0.016727
0.031025
0.033016
0.10235
0.00726
0.03608
0.11321
0.11823
0.039963
0.14111
0.15096
0.012389
0.099477
0.16905
0.091136
0.038174
0.04236
0.16689
0.079212
0.010551
0.021919
0.10085
0.074625
0.036867
0.30333
0.067192
0.15782
0.055932
0.074856
0.0023093
0.039251
0.048814
0.027579
0.023741
0.01191
0.090065
0.12652
0.017718
0.096563
0.11748
0.071245
0.15482
0.26991
0.20014
0.049241
0.10048
0.056591
0.044879
0.12302
0.17515
0.0072196
0.036744
0.031162
0.049916
0.059578
0.075959
0.17089
0.07944
0.027407
0.12081
0.056309
0.021983
0.06189
0.081768
0.024546
0.15421
0.019288
0.043217
0.081722
0.16196
0.0018922
0.16428
0.023368
0.13007
0.0060218
0.023426
0.14463
0.015544
0.016442
0.065102
0.19909
0.13263
0.0019122
0.060002
0.0094938
0.18713
0.090018
0.015311
0.20728
0.0058834
0.057507
0.011479
0.049262
0.031976
0.012499
0.025148
0.047813
0.024577
0.029166
0.089029
0.058587
0.029883
0.054282
0.034682
0.037055
0.027228
0.041911
0.053682
0.044595
0.023582
0.044278
0.18301
0.083639
0.055037
0.085012
0.049082
0.10714
0.13064
0.027837
0.13379
0.065589
0.093135
0.27342
0.0086202
0.15753
0.06433
0.03451
0.073704
0.014093
0.044584
0.0039005
0.050511
0.12294
0.075017
0.10339
0.13835
0.020704
0.14158
0.15303
0.10911
0.052592
0.015455
0.085602
0.078655
0.025098
0.058869
0.16043
0.084682
0.17965
0.082305
0.03393
0.040428
0.13512
0.23137
0.1195
0.058603
0.1142
0.019784
0.037501
0.24618
0.061332
0.14572
0.1262
0.12839
0.081735
0.066014
0.01911
0.011506
0.027611
0.23141
0.009934
0.049434
0.013364
0.01457
0.027059
0.12298
0.064609
0.043332
0.062967
0.059804
0.035818
0.21102
0.15996
0.33526
0.02119
0.044427
0.068887
0.0087026
0.22431
0.12167
0.069343
0.10971
0.035671
0.090251
0.065986
0.13529
0.022345
0.0083264
0.25589
0.066983
0.051653
0.087465
0.016012
0.13415
0.0079064
0.047438
0.039662
0.12688
0.040031
0.0048706
0.018621
0.054619
0.054816
0.063158
0.028647
0.010011
0.013019
0.082096
0.017988
0.029274
0.10877
0.018912
0.10848
0.028569
0.073218
0.08369
0.13331
0.10216
0.022467
0.097739
0.12625
0.0033089
0.03679
0.18097
0.062312
0.17408
0.075932
0.043082
0.01296
0.025674
0.048472
0.036019
0.0016482
0.13194
0.087181
0.14578
0.15843
0.048631
0.062886
0.01357
0.13031
0.16884
0.085998
0.11375
0.11279
0.20299
0.0030021
0.11188
0.07388
0.18076
0.066464
0.030056
0.13452
0.05729
0.02252
0.10051
0.12347
0.091704
0.15473
0.082755
0.053345
0.16133
0.041355
0.056957
0.26888
0.032496
0.035158
0.048929
0.022749
0.20584
0.087815
0.071373
0.01718
0.040931
0.074549
0.077078
0.037534
0.17034
0.043602
0.045796
0.036548
0.0039378
0.05296
0.086671
0.040906
0.034367
0.076389
0.012868
0.16266
0.20582
0.10069
0.087103
0.030471
0.013336
0.029821
0.055439
0.0058773
0.10349
0.050358
0.046262
0.036479
0.045859
0.0913
0.087258
0.12977
0.046391
0.04881
0.021835
0.11134
0.12466
0.038565
0.089546
0.032315
0.13736
0.059075
0.080359
0.12913
0.083297
0.19579
0.088307
0.10669
0.076436
0.096802
0.062145
0.007816
0.084752
0.073075
0.076471
0.084329
0.048151
0.059123
0.054265
0.11958
0.010186
0.027738
0.014722
0.063905
0.047938
0.06313
0.0302
0.095666
0.13883
0.015059
0.10605
0.020755
0.068763
0.071753
0.01425
0.089873
0.02865
0.020851
0.057528
0.088181
0.022299
0.016242
0.09486
0.15788
0.066822
0.031953
0.075694
0.024568
0.04114
0.22304
0.1642
0.049797
0.0099525
0.1346
0.0439
0.079644
0.021822
0.049925
0.0024974
0.039773
0.11635
0.16363
0.14214
0.0023971
0.0056821
0.015796
0.027068
0.049849
0.18659
0.023487
0.062381
0.067365
0.010253
0.1011
0.13114
0.22261
0.10653
0.023073
0.18502
0.014568
0.078153
0.11622
0.090596
0.15392
0.11178
0.085746
0.041333
0.044898
0.088748
0.16867
0.058058
0.052362
0.030094
0.0088889
0.29343
0.12839
0.01103
0.16463
0.081574
0.097046
0.11752
0.080897
0.094835
0.16088
0.14302
0.063025
0.055759
0.083514
0.048123
0.083841
0.020233
0.017065
0.10033
0.20829
0.079076
0.062931
0.08563
0.034592
0.091864
0.103
0.028826
0.069666
0.030781
0.063784
0.15453
0.048905
0.065789
0.037324
0.094811
0.031399
0.01524
0.21191
0.029528
0.035364
0.015583
0.1051
0.020816
0.023678
0.023407
0.15781
0.042111
0.014601
0.093041
0.1009
0.051148
0.020404
0.030025
0.12095
0.01816
0.035196
0.17444
0.0087608
0.051909
0.054569
0.0869
0.030892
0.09145
0.11296
0.13218
0.15529
0.12195
0.019489
0.084463
0.028834
0.012533
0.056745
0.069189
0.10822
0.077533
0.0010244
0.09447
0.13994
0.057299
0.030757
0.088615
0.17931
0.016473
0.039114
0.13432
0.04017
0.11796
0.012873
0.0033673
0.053611
0.10008
0.066001
0.30421
0.07608
0.051946
0.013805
0.10026
0.032347
0.18879
0.026374
0.031506
0.07512
0.049341
0.077102
0.079026
0.031515
0.017749
0.038508
0.040691
0.047777
0.086534
0.10706
0.048432
0.026826
0.11393
0.0296
0.063126
0.0026413
0.076329
0.0027075
0.056339
0.032151
0.10089
0.0054618
0.009841
0.12864
0.17115
0.11495
0.053157
0.06326
0.095151
0.012118
0.083107
0.053488
0.17084
0.066932
0.035469
0.17728
0.049802
0.065976
0.24333
0.02714
0.051668
0.24021
0.083921
0.043933
0.13488
0.25376
0.048397
0.043556
0.046078
0.084955
0.021956
0.075209
0.014926
0.31149
0.021738
0.08309
0.090406
0.092825
0.10317
0.021219
0.10261
0.072981
0.039761
0.012784
0.0034579
0.05353
0.20234
0.010197
0.087607
0.19161
0.10535
0.17153
0.045714
0.060418
0.014625
0.11347
0.037369
0.00586
0.019027
0.046866
0.045958
0.059944
0.038205
0.076247
0.1013
0.056621
0.06168
0.0055484
0.16239
0.11464
0.12023
0.020849
0.090936
0.051391
0.013931
0.015408
0.071972
0.17749
0.018572
0.10638
0.18521
0.01925
0.15686
0.12122
0.17876
0.05064
0.015366
0.090834
0.039864
0.10962
0.20975
0.040784
0.053622
0.00090943
0.070676
0.0070999
0.0015085
0.11637
0.016121
0.034668
0.10908
0.046029
0.23953
0.032997
0.055725
0.031028
0.054669
0.016555
0.090544
0.29792
0.11948
0.011667
0.013412
0.01932
0.1011
0.11364
0.082614
0.068795
0.046343
0.077492
0.0053467
0.086991
0.04874
0.13257
0.04145
0.044736
0.084118
0.22495
0.031058
0.079429
0.068557
0.14339
0.011208
0.087499
0.24223
0.010059
0.040065
0.068478
0.029303
0.18081
0.1114
0.02844
0.10861
0.018411
0.12251
0.093854
0.001578
0.073729
0.0085305
0.0022011
0.093955
0.012837
0.020082
0.038327
0.039499
0.10397
0.14899
0.0068338
0.023726
0.1008
0.058799
0.18934
0.071526
0.096586
0.09755
0.010206
0.10042
0.02894
0.04248
0.084942
0.12174
0.069074
0.0040028
0.037383
0.029752
0.13404
0.079416
0.24899
0.10445
0.018597
0.012471
0.086258
0.16138
0.044725
0.11272
0.064092
0.022413
0.22996
0.001904
0.069121
0.064403
0.038232
0.089562
0.074213
0.024473
0.034146
0.029399
0.049204
0.043538
0.11625
0.012869
0.15609
0.092844
0.013117
0.026035
0.12357
0.010186
0.019203
0.11812
0.063829
0.093368
0.036646
0.10721
0.03642
0.031383
0.15969
0.049154
0.11
0.16153
0.1187
0.0010689
0.32169
0.088543
0.034475
0.1017
0.089179
0.093135
0.048784
0.069605
0.055026
0.010738
0.20565
0.069196
0.1495
0.10882
0.12732
0.064132
0.083014
0.027312
0.023759
0.04172
0.10164
0.35692
0.018342
0.037296
0.23632
0.085105
0.027263
0.056717
0.239
0.087907
0.064722
0.051684
0.05779
0.038152
0.050784
0.033037
0.0046446
0.011124
0.076481
0.094006
0.097116
0.025898
0.075734
0.018076
0.0181
0.10709
0.094068
0.13063
0.003033
0.020277
0.046047
0.07193
0.12427
0.17211
0.0049028
0.094931
0.021028
0.017173
0.054399
0.039816
0.0057562
0.080782
0.021991
0.036874
0.10494
0.27048
0.14639
0.05505
0.066615
0.10637
0.024916
0.051532
0.0017319
0.060606
0.074889
0.024176
0.0032525
0.094977
0.066328
0.015017
0.024087
0.2807
0.20662
0.052948
0.055357
0.10707
0.077931
0.038882
0.143
0.06017
0.16157
0.31492
0.11035
0.041098
0.049807
0.050916
0.21492
0.042921
0.0408
0.052837
0.018707
0.023748
0.015398
0.033218
0.12637
0.011469
0.026823
0.08504
0.013866
0.019128
0.11569
0.027218
0.053941
0.075563
0.15066
0.12056
0.195
0.065096
0.0089506
0.054593
0.22421
0.042948
0.039866
0.04649
0.057967
0.17553
0.13469
0.015276
0.059604
0.045648
0.05818
0.087082
0.041214
0.21158
0.18188
0.013504
0.0759
0.13988
0.024316
0.0226
0.10561
0.062473
0.14167
0.26062
0.072306
0.11248
0.024971
0.28045
0.018726
0.021325
0.033988
0.027348
0.027158
0.021417
0.045557
0.16473
0.057053
0.054789
0.053461
0.077813
0.024291
0.082774
0.056603
0.090368
0.00027278
0.052937
0.058432
0.17589
0.067942
0.12447
0.19746
0.1202
0.074373
0.13059
0.03755
0.12202
0.016036
0.02705
0.063425
0.070489
0.011448
0.091097
0.063107
0.018934
0.1215
0.077176
0.17505
0.015777
0.15816
0.056042
0.055918
0.053881
0.059004
0.051989
0.11826
0.071781
0.11421
0.12238
0.038397
0.045532
0.21065
0.0028823
0.10473
0.099538
0.024848
0.20834
0.16193
0.024743
0.17974
0.09879
0.099642
0.11461
0.087145
0.2294
0.11243
0.0053099
0.14787
0.10559
0.10982
0.039917
0.008082
0.015247
0.14239
0.17447
0.20307
0.082068
0.029072
0.0066097
0.073447
0.03442
0.056931
0.057491
0.15893
0.045825
0.26804
0.01351
0.18543
0.11971
0.10656
0.1783
0.13144
0.076446
0.12212
0.20762
0.12708
0.16761
0.021684
0.12155
0.018525
0.10655
0.10207
0.019262
0.10407
0.11362
0.026366
0.091715
0.025627
0.013444
0.11998
0.019775
0.016321
0.030713
0.071264
0.062978
0.041173
0.028369
0.012054
0.097253
0.079567
0.026391
0.041637
0.19382
0.093516
0.052384
0.012482
0.033763
0.0025494
0.074847
0.05066
0.09403
0.10541
0.032745
0.056572
0.22545
0.012263
0.11055
0.098735
0.023034
0.17897
0.11755
0.068989
0.22471
0.041162
0.22569
0.049723
0.0865
0.0029548
0.035664
0.10905
0.087558
0.080667
0.020543
0.091737
0.046468
0.056535
0.053849
0.079949
0.057724
0.056681
0.035521
0.0022788
0.030662
0.03358
0.042945
0.066772
0.069343
0.060541
0.066386
0.043711
0.016826
0.03861
0.038509
0.042597
0.16336
0.059628
0.073742
0.099374
0.012328
0.023482
0.13993
0.12229
0.32656
0.0075711
0.13917
0.048763
0.045489
0.025028
0.016884
0.053893
0.045981
0.13874
0.13429
0.063046
0.03163
0.029704
0.082871
0.1837
0.071079
0.062536
0.18497
0.042696
0.077321
0.085882
0.043071
0.085612
0.012899
0.024726
0.22735
0.018557
0.048785
0.15889
0.031751
0.065035
0.059538
0.12262
0.021627
0.024083
0.087127
0.092458
0.028269
0.041592
0.07405
0.010133
0.0030186
0.037162
0.062572
0.14943
0.0045583
0.063838
0.03812
0.20241
0.041978
0.03331
0.059566
0.028787
0.081306
0.050098
0.058721
0.026179
0.039444
0.02808
0.02448
0.24741
0.031423
0.042732
0.020207
0.12756
0.0030271
0.022736
0.042427
0.031854
0.10474
0.035076
0.045136
0.25943
0.0038813
0.011429
0.061667
0.044892
0.091562
0.027629
0.085556
0.10459
0.076608
0.18305
0.04701
0.098145
0.13534
0.040114
0.010745
0.010203
0.086731
0.0094163
0.070495
0.047381
0.11073
0.0030995
0.0033809
0.10475
0.027731
0.2027
0.048877
0.034372
0.054834
0.060295
0.10553
0.077022
0.11193
0.049309
0.0038256
0.13728
0.15044
0.0461
0.063608
0.012095
0.03575
0.2479
0.12089
0.023827
0.013898
0.094915
0.023748
0.015482
0.11933
0.073678
0.034589
0.040035
0.13885
0.032803
0.01275
0.040505
0.1336
0.087779
0.06121
0.024818
0.0060873
0.062044
0.058
0.048339
0.028217
0.025464
0.10954
0.12982
0.047717
0.056309
0.018535
0.051248
0.10142
0.055678
0.10186
0.13623
0.21768
0.035427
0.049414
0.054913
0.11775
0.065528
0.11343
0.062043
0.031755
0.20449
0.042645
0.024819
0.0050319
0.25839
0.01224
0.010193
0.10313
0.0052054
0.05635
0.10518
0.10976
0.06553
0.0047033
0.14077
0.12852
0.27754
0.03863
0.13382
0.11596
0.097622
0.11142
0.047466
0.13568
0.090338
0.059474
0.27814
0.053152
0.075172
0.052063
0.040012
0.17327
0.022433
0.17267
0.15198
0.0031457
0.047511
0.086805
0.0012853
0.070345
0.10001
0.017472
0.046291
0.34118
0.017597
0.27608
0.022965
0.25929
0.052674
0.074204
0.094284
0.056185
0.06581
0.011977
0.19472
0.081342
0.1136
0.11975
0.11451
0.14734
0.0826
0.043314
0.11353
0.067374
0.089656
0.013039
0.016542
0.16979
0.071752
0.012006
0.16014
0.0097085
0.01515
0.091929
0.29639
0.00085002
0.048213
0.097142
0.049819
0.054243
0.099379
0.056444
0.016573
0.0045521
0.016318
0.18888
0.10706
0.0029706
0.066872
0.094847
0.04885
0.012598
0.073153
0.065127
0.27638
0.0030755
0.012993
0.065576
0.34284
0.048307
0.068199
0.033959
0.040006
0.14279
0.07276
0.26422
0.12047
0.027202
0.1364
0.066421
0.080785
0.088963
0.066356
0.0028779
0.033488
0.0011156
0.13908
0.24678
0.02995
0.11916
0.081361
0.095643
0.072108
0.021816
0.11376
0.13941
0.019653
0.03658
0.10429
0.041014
0.18028
0.032959
0.00064389
0.033087
0.0060088
0.025214
0.10318
0.28816
0.053114
0.00063175
0.043458
0.09939
0.045201
0.0090661
0.051282
0.083389
0.06806
0.03022
0.10679
0.12304
0.12992
0.031386
0.037157
0.19364
0.034747
0.23995
0.022415
0.048696
0.014737
0.13033
0.052996
0.07582
0.07546
0.11154
0.059722
0.032647
0.068033
0.011859
0.06554
0.069206
0.059249
0.062658
0.040216
0.062557
0.058854
0.043951
0.030581
0.06241
0.024567
0.055913
0.0015848
0.039736
0.054142
0.026294
0.073184
0.22102
0.017308
0.015919
0.0094969
0.045734
0.11583
0.10021
0.15208
0.15873
0.032631
0.10869
0.02448
0.088673
0.020591
0.016064
0.040252
0.013685
0.044678
0.18011
0.031555
0.024154
0.1006
0.071626
0.0084136
0.080869
0.17899
0.026533
0.12038
0.011625
0.056106
0.03216
0.011477
0.0099605
0.077833
0.045528
0.045745
0.092091
0.076985
0.095469
0.063761
0.093941
0.02052
0.17443
0.076716
0.072751
0.061958
0.11162
0.021655
0.0090207
0.016055
0.06194
0.0040707
0.12053
0.04525
0.064888
0.11742
0.090917
0.08832
0.045408
0.063752
0.078591
0.0085525
0.011522
0.0051501
0.04909
0.069226
0.29898
0.22611
0.046435
0.13979
0.0087222
0.089774
0.020286
0.2122
0.017246
0.012334
0.11936
0.056881
0.098417
0.13451
0.092122
0.017464
0.017471
0.13677
0.093214
0.016177
0.053856
0.11715
0.018965
0.087586
0.014521
0.053197
0.062689
0.16428
0.15246
0.019066
0.014307
0.06079
0.061068
0.18459
0.18145
0.11817
0.081182
0.0091212
0.048702
0.186
0.10226
0.028169
0.10396
0.002456
0.081434
0.01082
0.0060239
0.0070155
0.045588
0.1047
0.12098
0.1292
0.029477
0.071966
0.10973
0.035291
0.066201
0.040803
0.021759
0.013264
0.014407
0.087118
0.11528
0.18738
0.017714
0.021352
0.14822
0.0055218
0.023403
0.16772
0.034272
0.023601
0.089258
0.042929
0.14674
0.16541
0.11331
0.13114
0.015245
0.074632
0.036548
0.039484
0.096006
0.020667
0.015722
0.094171
0.073349
0.022159
0.19168
0.15685
0.088746
0.01253
0.048972
0.12523
0.1668
0.052662
0.020048
0.13547
0.012577
0.0751
0.14967
0.09126
0.0095289
0.15433
0.029697
0.069491
0.093937
0.098606
0.0016649
0.088896
0.10251
0.066769
0.013986
0.16914
0.088747
0.010766
0.096856
0.043198
0.060016
0.058006
0.086117
0.2501
0.044098
0.0029824
0.045701
0.057367
0.059712
0.11328
0.041459
0.030314
0.10259
0.039582
0.046619
0.053676
0.16272
0.0020918
0.16821
0.16155
0.24994
0.0067079
0.052507
0.045321
0.25938
0.052375
0.058081
0.023288
0.057639
0.028127
0.0035471
0.011425
0.086948
0.052326
0.018203
0.031841
0.03083
0.0082327
0.03747
0.060487
0.083531
0.016327
0.083752
0.082189
0.10952
0.17568
0.0086865
0.09187
0.01047
0.11013
0.065834
0.10795
0.062259
0.098009
0.081611
0.079858
0.039315
0.096191
0.18217
0.07893
0.10003
0.070467
0.11613
0.025556
0.13927
0.083705
0.089093
0.01519
0.052466
0.18512
0.022258
0.039093
0.14632
0.096236
0.054765
0.030908
0.020808
0.10807
0.010389
0.079196
0.20557
0.040258
0.021719
0.070392
0.023081
0.11415
0.089636
0.015868
0.047657
0.028785
0.028439
0.22094
0.041028
0.035258
0.10736
0.093873
0.11451
0.019018
0.15759
0.11888
0.027569
0.11193
0.19494
0.12265
0.067921
0.03429
0.067995
0.08547
0.060825
0.26654
0.18777
0.080979
0.026935
0.044315
0.048002
0.033956
0.057497
0.048946
0.0052998
0.13355
0.026242
0.035626
0.14582
0.028
0.085321
0.037077
0.07411
0.1391
0.04404
0.023986
0.047426
0.050389
0.12193
0.057316
0.0054125
0.052612
0.051706
0.11794
0.098425
0.0096042
0.15338
0.12107
0.10463
0.02956
0.10443
0.071901
0.099516
0.063049
0.076331
0.11361
0.16875
0.0082959
0.055904
0.096062
0.071038
0.099547
0.055567
0.072802
0.051803
0.098163
0.024434
0.21448
0.036635
0.01587
0.0016539
0.02396
0.040052
0.05419
0.094525
0.15585
0.04727
0.011315
0.078546
0.095219
0.10982
0.18847
0.01309
0.11629
0.032884
0.031009
0.1082
0.035764
0.027676
0.082275
0.10402
0.10969
0.10372
0.031062
0.023149
0.026092
0.12808
0.082796
0.21638
0.20982
0.061662
0.22852
0.01541
0.03689
0.021558
0.11731
0.064965
0.066149
0.10821
0.14937
0.047927
0.048636
0.029753
0.02653
0.055173
0.080841
0.08414
0.012693
0.037376
0.086792
0.017283
0.034074
0.010743
0.045096
0.088398
0.057719
0.016935
0.28261
0.047575
0.018418
0.13231
0.08496
0.11385
0.058014
0.022766
0.23135
0.0053734
0.082912
0.047635
0.09315
0.14149
0.35173
0.12168
0.098124
0.14326
0.030263
0.022642
0.054343
0.012777
0.15875
0.15884
0.04633
0.026248
0.017696
0.021175
0.092998
0.036066
0.14262
0.039861
0.097692
0.0064089
0.071295
0.048155
0.03429
0.094459
0.13882
0.017041
0.090388
0.019309
0.053202
0.12914
0.074405
0.17258
0.13572
0.043048
0.19267
0.15246
0.1156
0.051585
0.05247
0.071525
0.076582
0.090958
0.0046647
0.020135
0.027176
0.12436
0.2459
0.12433
0.067883
0.13958
0.024104
0.031717
0.16143
0.17216
0.23737
0.064252
0.14233
0.028956
0.040796
0.02264
0.059553
0.0031071
0.074928
0.059043
0.07877
0.102
0.089818
0.022762
0.086851
0.060031
0.0052235
0.28379
0.10127
0.012226
0.068577
0.054994
0.1053
0.054145
0.068898
0.038401
0.040954
0.049677
0.033306
0.12363
0.19332
0.0013804
0.01588
0.029011
0.021929
0.019031
0.014486
0.036207
0.073082
0.0059345
0.023925
0.036593
0.0099035
0.069281
0.05979
0.065658
0.26557
0.0081661
0.025461
0.0058129
0.056595
0.017562
0.040905
0.12913
0.050553
0.0077509
0.0026579
0.072376
0.0072235
0.046503
0.08357
0.0043323
0.065715
0.0946
0.074816
0.0028933
0.14428
0.074129
0.032433
0.032295
0.036388
0.056436
0.16834
0.049517
0.076983
0.02486
0.030634
0.19928
0.049476
0.087133
0.070765
0.11848
0.11603
0.061304
0.10554
0.12544
0.0091205
0.036596
0.028063
0.062228
0.0079622
0.037494
0.062184
0.1228
0.038158
0.070965
0.14044
0.036405
0.05097
0.013264
0.099855
0.048285
0.04935
0.17635
0.037153
0.28511
0.048892
0.027606
0.081992
0.020803
0.02331
0.15249
0.17872
0.114
0.099859
0.06049
0.027079
0.0019668
0.081768
0.076702
0.0045875
0.064005
0.059289
0.12774
0.18316
0.05996
0.12724
0.024596
0.10265
0.12054
0.090464
0.015573
0.15897
0.041675
0.12912
0.16219
0.0277
0.054364
0.033563
0.14462
0.077206
0.04774
0.043489
0.10018
0.028668
0.0038844
0.081059
0.016021
0.16595
0.015182
0.028315
0.072933
0.044312
0.037251
0.017484
0.029764
0.018086
0.060327
0.15919
0.069855
0.10293
0.045062
0.017367
0.033812
0.039989
0.02519
0.071245
0.14859
0.023383
0.08333
0.034141
0.040191
0.39329
0.10018
0.10712
0.020631
0.05721
0.077573
0.040681
0.12729
0.048683
0.049579
0.067781
0.098982
0.035389
0.004057
0.01229
0.037471
0.047661
0.070519
0.053854
0.0776
0.14574
0.0047688
0.028243
0.050699
0.010747
0.13104
0.083806
0.061747
0.097902
0.015824
0.069207
0.02889
0.014032
0.10689
0.023292
0.0058317
0.12785
0.040265
0.044078
0.11097
0.0024184
0.035417
0.042003
0.069568
0.01931
0.0063693
0.0064443
0.059851
0.026126
0.082047
0.013741
0.041955
0.047984
0.030757
0.082383
0.019297
0.17576
0.13515
0.074223
0.17568
0.026892
0.073244
0.059872
0.06854
0.036649
0.13271
0.043977
0.040493
0.0098935
0.17725
0.0074352
0.19326
0.12533
0.054663
0.13591
0.10163
0.013882
0.032272
0.073952
0.20239
0.0041287
0.036195
0.066815
0.022325
0.01174
0.11509
0.048011
0.0063235
0.097277
0.081414
0.0084396
0.051275
0.04239
0.021131
0.013456
0.073954
0.064902
0.061876
0.073715
0.018927
0.083962
0.066693
0.058011
0.082777
0.0029953
0.036946
0.11928
0.10406
0.15658
0.040836
0.0043378
0.037271
0.052675
0.04706
0.034178
0.14684
0.15666
0.043066
0.014446
0.13765
0.039576
0.0223
0.052262
0.071547
0.096534
0.037417
0.045146
0.042648
0.13307
0.18668
0.14201
0.073512
0.05574
0.11651
0.063673
0.028072
0.07191
0.02001
0.06512
0.011493
0.15644
0.010763
0.043568
0.086369
0.10818
0.06125
0.15804
0.010563
0.073627
0.066905
0.17632
0.054106
0.051746
0.10044
0.011845
0.26202
0.03167
0.017592
0.055776
0.046933
0.05945
0.18135
0.041342
0.087792
0.0014326
0.10603
0.040385
0.12149
0.089122
0.052944
0.087929
0.15335
0.027819
0.017385
0.10054
0.033026
0.064885
0.056748
0.086595
0.074179
0.056624
0.054074
0.004346
0.0017031
0.023182
0.1066
0.007854
0.20753
0.069851
0.074599
0.04683
0.0082283
0.052239
0.10055
0.039686
0.053192
0.027795
0.036603
0.056992
0.069243
0.018834
0.02986
0.055483
0.14226
0.15044
0.069106
0.064851
0.019278
0.012639
0.041243
0.02593
0.11755
0.036292
0.033198
0.028187
0.024367
0.037554
0.14516
0.033064
0.077978
0.10775
0.026248
0.067076
0.03239
0.0044882
0.017999
0.090813
0.0079388
0.0082614
0.064655
0.025456
0.068181
0.053164
0.039115
0.053715
0.20421
0.10374
0.041105
0.12368
0.017664
0.068688
0.0070702
0.044448
0.042678
0.017184
0.010968
0.052016
0.021519
0.064968
0.0047465
0.29607
0.15871
0.013556
0.016607
0.07291
0.087156
0.10713
0.10575
0.0064274
0.043672
0.18467
0.03396
0.09936
0.13788
0.040375
0.06361
0.10482
0.007522
0.062332
0.065945
0.025812
0.060591
0.14452
0.022993
0.11953
0.067543
0.057869
0.058775
0.043029
0.0099923
0.27827
0.0029713
0.11675
0.081311
0.0025964
0.061208
0.12617
0.006176
0.003857
0.090979
0.038253
0.13072
0.06917
0.052928
0.11026
0.0077773
0.063863
0.063406
0.16968
0.094181
0.020523
0.046008
0.091353
0.13677
0.078434
0.076915
0.0062155
0.014861
0.1153
0.16195
0.064806
0.14402
0.022902
0.13498
0.10761
0.033693
0.025887
0.035785
0.14577
0.038216
0.056569
0.19156
0.011912
0.013784
0.14653
0.069831
0.045356
0.076996
0.10251
0.026345
0.005103
0.053921
0.026096
0.13795
0.089597
0.1127
0.031017
0.018336
0.059032
0.0379
0.068995
0.10908
0.092234
0.0011463
0.021493
0.089229
0.0088043
0.034226
0.017002
0.14948
0.10767
0.062342
0.010902
0.045935
0.10193
0.067007
0.1275
0.047368
0.055622
0.029406
0.13457
0.023875
0.12762
0.11082
0.23952
0.028457
0.071389
0.073517
0.022415
0.20993
0.035944
0.10202
0.089855
0.061104
0.020665
0.068204
0.088777
0.033907
0.053767
0.14
0.027772
0.071881
0.027943
0.12865
0.038543
0.15575
0.026647
0.23174
0.094466
0.033811
0.022315
0.032122
0.020961
0.014104
0.083431
0.062683
0.037498
0.1497
0.13756
0.019465
0.074725
0.020376
0.23397
0.0041427
0.15176
0.03271
0.0064396
0.019781
0.074059
0.025577
0.062866
0.086683
0.10579
0.12606
0.13627
0.054537
0.28696
0.17275
0.018072
0.045673
0.074426
0.031478
0.21415
0.05376
0.054504
0.17041
0.0026909
0.21483
0.03761
0.072354
0.081296
0.10129
0.093208
0.097224
0.1035
0.091116
0.029633
0.10953
0.057452
0.044218
0.10032
0.01173
0.16932
0.059618
0.21915
0.054349
0.079027
0.12288
0.10466
0.049824
0.17697
0.1156
0.019457
0.031815
0.027692
0.087304
0.03235
0.11256
0.092901
0.088658
0.11791
0.098353
0.1804
0.070461
0.018529
0.082074
0.010074
0.038007
0.050344
0.1252
0.060267
0.0077794
0.036637
0.016365
0.0042446
0.068642
0.025105
0.046295
0.039615
0.18103
0.081165
0.064345
0.084347
0.2036
0.073613
0.018876
0.065044
0.023484
0.077457
0.05119
0.073265
0.029962
0.024497
0.039835
0.0025676
0.003011
0.066341
0.0033576
0.018726
0.2089
0.06997
0.0062465
0.022651
0.091994
0.10896
0.12266
0.075848
0.10405
0.059168
0.07256
0.024162
0.050537
0.04173
0.1407
0.070115
0.071758
0.10678
0.085037
0.045235
0.058864
0.02161
0.10592
0.080234
0.064358
0.029863
0.038519
0.15214
0.15547
0.038886
0.036589
0.038141
0.064197
0.0077015
