0.031686
0.036393
0.066824
0.10319
0.064354
0.048906
0.067453
0.24668
0.034898
0.0028658
0.016119
0.10217
0.066073
0.0079671
0.011539
0.0063769
0.0017246
0.08423
0.026825
0.061269
0.040174
0.070507
0.047472
0.093607
0.39663
0.040404
0.061475
0.088884
0.021585
0.011894
0.01191
0.028625
0.052674
0.034421
0.058007
0.014343
0.0021249
0.059014
0.03204
0.042464
0.053912
0.041274
0.0039398
0.0011777
0.35308
0.020299
0.0082641
0.017455
0.11522
0.012573
0.12697
0.021659
0.0052393
0.072824
0.082705
0.19187
0.0061655
0.21266
0.045988
0.089752
0.029081
0.029911
0.0044767
0.022812
0.091117
0.002723
0.01566
0.029222
0.0064266
0.059822
0.0038007
0.026396
0.13055
0.031223
0.053397
0.025309
0.0010688
0.045945
0.2174
0.01082
0.052855
0.015546
0.029718
0.0047892
0.010292
0.041584
0.028074
0.021744
0.02866
0.011152
0.011467
0.083288
0.034415
0.027631
0.099722
0.0084561
0.093186
0.02999
0.065919
0.018709
0.034158
0.066771
0.026117
0.13125
0.023648
0.0050317
0.011533
0.025715
0.015111
0.0046583
0.024503
0.0026357
0.024072
0.0047606
0.034662
0.095034
0.071166
0.019483
0.036941
0.019844
0.071307
0.0018189
0.01302
0.014838
0.042173
0.0168
0.035073
0.00017943
0.12982
0.032882
0.013644
0.0015407
0.017973
0.019066
0.017088
0.098695
0.069325
0.024665
0.070147
0.029082
0.0074553
0.015668
0.19387
0.079069
0.040877
0.0023577
0.019778
0.076152
0.048837
0.06397
0.043331
0.0039116
0.024225
0.052851
0.016726
0.019588
0.1332
0.046054
0.0016024
0.002193
0.065538
0.064707
0.0085416
0.041041
0.0035771
0.034729
0.029807
0.045133
0.043857
0.034047
0.012122
0.011385
0.050932
0.033339
0.044437
0.15541
0.00034784
0.020713
0.034969
0.00062556
0.013972
0.03075
0.047504
0.037217
0.079608
0.025146
0.0010445
0.085585
0.0090869
0.0057045
0.0027245
0.018036
0.020932
0.0089566
0.062857
0.30422
0.063861
0.026168
0.074294
0.0025685
0.11764
0.064316
0.031626
0.015848
0.005771
0.017735
0.0071741
0.022702
0.030357
0.007442
0.036049
0.17393
0.0002353
0.010257
0.022173
0.051262
0.020952
0.0029782
0.0054488
0.0043254
0.12313
0.0081732
0.040497
0.056088
0.21724
0.012576
0.0054177
0.17249
0.069092
0.0012718
0.11919
0.0010302
0.049406
0.0038219
0.062228
0.012328
0.17273
0.12089
0.0047321
0.038118
0.023561
0.01122
0.00094316
0.16077
0.11383
0.10805
0.007381
0.095208
0.02696
0.012693
0.00017027
0.019586
0.059046
0.024598
0.025528
0.0030217
0.14838
0.00032234
0.0028235
0.0016343
0.015094
0.011589
0.13
0.1058
0.0069851
0.005342
0.12355
0.0098797
0.053507
0.07091
0.0056021
0.038478
0.015916
0.19582
0.010745
3.2376e-05
0.043508
0.026604
0.0083385
0.094419
0.0029869
0.055473
0.014591
0.03392
0.015622
0.014352
0.069896
0.025249
0.093642
0.0027896
0.022677
0.0053426
0.00052626
0.0077041
0.024306
0.0041271
0.06405
0.0015656
0.00017313
0.0023892
0.19305
0.021558
0.038534
0.17886
0.0021077
0.010137
0.15932
0.011857
0.060098
0.00083789
0.099619
0.020639
0.033241
0.039785
0.0038203
0.074361
0.02532
0.001353
0.016383
0.19924
0.04284
0.004093
0.042917
0.010391
0.010727
0.073071
0.0021578
0.090745
0.0060375
0.03985
0.0090798
0.050284
0.0033816
0.0048886
0.10751
0.014387
0.099514
0.039913
0.024682
0.024515
0.0089352
0.010748
0.0027485
0.033405
0.041191
0.0014725
0.12843
0.023894
0.05418
0.0014442
0.018928
0.033329
0.0038803
0.011222
0.021291
0.12505
0.2312
0.13678
0.034385
0.085154
0.1445
0.052131
0.073724
0.050758
0.024457
0.00072825
0.073739
0.04128
0.00016224
0.033597
0.00030365
0.029657
0.00022298
0.02577
0.10703
0.05042
0.011442
0.039223
0.0021252
0.14899
0.044191
0.02333
0.0098406
0.011164
0.043924
0.0028629
0.083639
0.0034209
0.066146
0.039482
0.37596
0.025056
0.049467
0.016939
0.0018648
0.021415
0.065596
0.0030438
0.24867
0.073557
0.012179
0.12572
0.01217
0.070575
0.039589
0.059473
0.098659
0.055562
0.017829
0.22886
0.018527
0.081409
0.041702
0.033167
0.0076023
0.07541
0.04376
0.0027821
0.11154
0.17959
0.01391
0.057767
4.9175e-05
0.086606
0.024214
0.02112
0.029596
0.033536
0.098182
0.066059
0.011842
5.2876e-05
0.0242
0.017077
0.014491
0.0011886
0.046115
0.032787
0.10917
0.14044
0.025224
0.015064
0.0054232
0.020548
0.15709
0.010929
0.097847
0.13615
0.17373
0.13994
0.077555
0.042885
0.059765
0.099458
0.017801
0.11709
0.011116
0.0034339
0.035826
0.040214
0.039456
0.0038939
0.026799
0.10956
0.078055
0.092133
0.047915
0.046394
0.024526
0.10778
0.012581
0.047873
0.016831
0.037992
0.0097988
0.06974
0.085113
0.098196
0.00015287
0.00055238
0.0022184
0.034833
0.080919
0.04475
0.010607
0.0029992
0.0046683
0.0005908
0.098706
0.11192
0.083391
0.066271
0.011491
0.07477
0.020652
0.09001
0.022463
0.033944
0.0037199
0.3224
0.045962
0.094213
0.14347
0.0029972
0.037664
0.024998
0.13465
0.021317
0.040241
0.019418
0.18733
0.17522
0.034123
0.0065501
0.01331
0.024682
0.081184
0.017493
0.17916
0.011941
0.038115
0.027908
0.0026135
0.010235
0.00090793
0.0097966
0.036408
0.034345
0.028325
0.072081
0.036214
0.10182
0.027167
0.040787
0.16579
0.04643
0.12642
0.019622
0.07476
0.022002
0.051884
0.010415
0.0084738
0.11406
0.037279
0.10133
0.1258
0.028118
0.08623
0.011666
0.19043
0.089598
0.0051912
0.0060537
0.08027
0.030798
0.026019
0.082857
0.0025058
0.060823
0.0012437
0.014334
0.019005
0.024792
0.0086684
0.072187
0.11547
0.048119
0.12572
0.043983
0.00046637
0.019299
0.022403
0.035019
0.035484
0.0403
0.0030965
0.039133
0.014535
0.19547
0.088607
0.12962
0.11086
0.085085
0.033211
0.090842
0.027393
0.014862
0.0043053
0.0098212
0.00031079
0.075728
0.0904
0.002196
0.0030829
0.044511
0.105
0.10269
0.31926
0.0071198
0.0062961
0.0024775
0.048832
0.034213
0.016937
0.014983
0.00052085
0.019357
0.0020186
0.0020038
2.9963e-05
0.063889
0.0013998
0.11799
0.0042597
0.11953
0.0031077
0.017699
0.020334
0.032876
0.028095
0.025154
0.013867
0.023517
0.080297
0.044807
0.018022
0.027971
0.10904
0.0060584
0.0056094
0.053102
0.09591
0.0048115
0.054171
0.063597
0.0046616
0.0074569
0.065176
0.0030861
0.1105
0.00484
0.0063001
0.034533
0.10939
0.13847
0.089981
0.011535
0.030857
0.028792
0.002296
0.076941
0.10563
0.035948
0.075116
0.071455
0.062361
0.10457
0.089198
0.045229
0.00025206
0.0047382
0.011145
0.021245
0.07076
0.069871
0.24183
0.0067089
0.012422
0.0088349
0.058227
0.0076042
0.028622
0.11473
0.003999
0.079831
0.058973
0.059193
0.0040292
0.09489
0.011815
0.007238
0.010685
0.0079246
0.013377
0.0086446
0.046299
0.0026735
0.024393
0.0048443
0.0010443
0.0072614
0.038924
0.020179
0.027199
0.019754
0.089471
0.027686
0.029824
0.0053003
0.022669
0.089316
0.10859
0.016106
0.077604
0.035527
0.01049
0.01553
0.057522
0.0089592
0.047809
0.13234
0.011551
0.0122
0.13939
0.010996
0.13722
0.0033675
0.0035114
0.022967
0.0052628
0.11013
0.080047
0.17308
0.013728
0.05871
0.010337
0.026085
0.052328
0.0022571
0.006122
0.027205
0.11217
0.13073
0.01502
0.012578
0.00039322
0.00089987
0.04102
0.085614
0.04277
0.0036312
0.0208
0.018221
0.00094973
0.07053
0.054067
0.060123
0.0023659
0.0070891
0.00048006
0.090364
0.0072569
0.046418
0.023618
0.059679
0.012067
0.052225
0.014747
0.005883
0.18367
0.00084677
0.10737
0.10515
0.016448
0.05195
0.00047564
0.01568
0.0024525
0.10184
0.12287
0.0016115
0.011113
0.22674
0.12039
0.12083
0.06102
0.0045673
0.11938
0.02256
0.0022237
0.00045661
0.0028726
0.17141
0.039639
0.055223
0.038251
0.0024833
0.060438
0.022486
0.007189
0.012071
0.0029975
0.16526
0.0046837
0.30884
0.012116
0.012548
0.089495
0.0042728
0.096639
0.0025881
0.07203
0.014142
0.017353
0.096226
0.059423
0.081919
0.0018776
0.025526
0.0011963
0.076384
0.016979
0.0082301
0.041265
0.0057316
0.094093
0.080464
0.049635
0.068253
0.049355
0.00026013
0.018542
0.020715
0.022287
0.040889
0.025092
0.0086968
0.032656
0.13363
0.0018059
0.18189
0.016715
0.011202
0.1301
0.0082657
0.0021215
0.02341
0.03449
0.0078497
0.060617
0.00013437
0.00026946
0.02595
0.0032603
0.071586
0.031766
0.0027526
0.015652
0.036692
0.0049522
0.041842
0.032856
0.034985
0.053013
0.0042235
0.0037054
0.049793
0.0011542
0.055576
0.0018879
0.094536
0.0011846
0.0039015
0.028768
0.24452
0.0086577
0.047176
0.005195
0.037022
0.019952
0.044455
0.011901
0.0544
0.0012973
0.0051413
0.0087949
0.057498
0.0041442
0.044821
0.0075992
0.0066832
1.0896e-05
0.17954
0.07127
0.037289
0.0052539
0.043182
0.1121
0.0024663
0.087146
0.021162
0.0069007
0.06547
0.00027345
0.036025
0.074262
0.086342
0.01335
0.0040396
0.0091546
0.065408
0.00027585
0.18095
0.049607
0.015004
0.16361
0.16629
0.023356
0.016553
0.071213
0.018318
0.026529
0.028057
0.013133
0.045026
0.019305
0.056029
0.13033
0.01571
0.21187
0.043451
0.14732
0.05898
0.077592
0.011865
0.012917
0.012287
0.046904
0.024998
0.047429
0.0015691
0.035601
0.11875
0.0044664
0.19626
0.074797
0.10464
0.056915
0.067064
0.011312
0.017515
0.00053838
0.051786
0.038574
0.031558
0.0026674
0.022728
0.038048
0.03447
0.0012387
0.021811
0.042479
0.023953
0.0002561
0.0083671
0.13375
0.044322
0.0091251
0.081647
0.048174
0.076324
0.37534
0.084084
0.034957
0.014423
0.032916
0.10925
0.0073324
0.14375
0.11196
0.0042134
0.014183
0.028293
0.019114
0.0059297
0.28528
0.027301
0.043549
0.16121
0.012337
0.0086598
0.012192
0.11367
0.053075
0.0044208
0.01487
0.070641
0.21212
0.064866
0.010297
0.0373
0.001271
0.13664
0.25226
0.01926
0.077491
0.010006
0.012477
0.040421
0.069748
0.026598
0.0079097
0.0090142
0.045135
0.036662
0.00025307
0.0031899
0.011058
0.07549
0.15011
0.13348
0.065185
0.098726
0.046458
0.014475
0.12409
0.003552
0.033008
0.026072
0.13935
0.10437
0.20357
0.062782
0.0096153
0.0016431
0.25746
0.15505
0.015407
0.023537
0.071342
0.0033284
0.033644
0.02
0.054702
0.10609
0.0020055
0.0010321
0.00019474
0.074956
0.04588
0.012407
0.21015
0.020704
0.049039
0.035577
0.101
0.089085
0.021816
0.038776
0.056907
0.034406
0.040774
0.0033439
0.038587
0.010737
0.064069
0.069427
0.093213
0.019843
0.019224
0.002027
0.0010228
0.0074271
0.019412
0.0034987
0.027605
0.033449
0.068954
0.0097625
0.020829
0.3448
0.016393
0.0011107
0.029627
0.020046
0.012387
0.15646
0.087108
0.0039222
0.0082609
0.0016439
0.057365
0.0048103
0.0066375
0.00603
0.036729
0.02554
0.0025276
0.020597
0.31814
0.063013
0.10487
0.012686
0.18534
0.036571
0.014521
0.02452
0.088653
0.1358
0.085661
0.045759
0.0019025
0.013453
0.092843
0.008908
0.039541
0.012692
0.051606
0.024582
5.0771e-05
0.015415
0.0034768
0.047362
0.036905
0.011201
8.617e-05
0.031969
0.051705
0.019987
0.0089266
0.043294
0.0803
0.043148
0.15427
0.037114
0.013901
0.028829
0.012176
0.057173
0.012855
0.0024683
0.012869
0.10692
0.015533
0.04475
0.029247
0.041435
0.00095646
0.11597
0.023676
0.03301
0.095693
0.026992
0.053762
0.0084878
0.15651
0.018665
0.017562
0.13936
0.0052958
0.0046039
0.009721
0.0016764
0.016792
5.8534e-05
0.011014
0.16271
0.2946
0.0060064
0.051121
0.063741
0.12025
0.087372
0.043557
0.0057174
0.0095549
0.00024021
0.012542
0.049494
0.025818
0.010548
0.0019613
0.10924
0.075414
0.052313
0.050597
0.0043728
0.014833
0.2498
0.027746
0.028255
0.041841
0.0022684
0.00014151
0.024255
0.022841
0.072461
0.00761
0.071009
0.022626
0.018888
0.03455
0.0099634
0.023268
0.0086732
0.011133
0.00081094
0.0094828
0.023182
0.020438
0.021121
0.00092051
0.035981
0.013722
0.071509
0.0090647
0.095275
0.14142
0.055405
0.052967
0.089016
0.069
0.0001398
0.019517
0.031281
0.069423
0.00057402
0.012268
0.01334
0.089743
0.032658
0.0072618
0.11941
0.0077737
0.004342
0.12724
0.15343
0.15945
0.034399
0.0038642
0.049007
0.036578
0.10785
0.016379
0.025827
0.011435
0.1074
0.0032682
0.034062
0.12506
0.041159
0.0043314
0.0010462
0.23283
0.0014381
0.0022253
0.019544
0.030519
0.035606
0.041734
0.098537
0.004251
0.030995
0.0046925
0.011489
0.025356
0.018029
0.063718
0.021078
0.0044156
0.0020961
0.0012415
0.15254
0.0014
0.029844
0.15121
0.097824
0.058164
0.091947
0.011074
0.0038529
0.0050663
0.015083
0.0075953
0.12516
0.027237
0.16129
0.0068369
0.049357
0.0061003
0.011685
0.050738
0.078076
0.050314
0.033908
0.026652
0.041136
0.010105
0.21611
0.044884
0.085691
0.045279
0.051826
0.24345
0.014197
0.015062
0.0059068
0.036615
0.017659
0.015557
0.04775
0.053976
0.013898
0.21781
0.0016034
0.018346
0.10598
0.0016503
0.032939
0.0018298
0.00059194
0.060498
0.025704
0.27218
0.096403
0.048401
0.0089283
0.05368
0.024364
0.044086
0.010202
0.00029075
0.035325
0.14495
0.12519
0.050916
0.058922
0.0024036
0.029011
0.022124
0.17004
0.064223
0.0084065
0.025777
0.0016087
0.025816
0.039574
0.00084903
0.020484
0.0015589
0.0095935
0.11872
0.060341
0.077752
0.039337
0.029326
0.0055284
0.0085802
0.021752
0.027595
0.057582
0.013874
0.018243
0.0087511
0.0043434
0.21744
0.01919
0.08199
0.0044817
0.0020028
0.0052533
0.19007
0.026798
0.046506
0.14915
0.068461
0.16085
0.072664
0.0017537
0.0071804
0.19143
0.00073292
0.0019386
0.17826
0.052053
0.0122
0.20498
0.06977
0.056169
0.0058618
0.027318
0.11607
0.10403
0.040687
0.095545
0.0014545
0.10852
0.073595
0.21663
0.0034033
0.011932
0.080245
0.050191
0.020713
0.019425
0.15353
0.08913
0.090238
0.0048424
0.022097
0.08091
0.014852
0.12582
0.3581
0.023633
0.047641
0.037156
0.062643
0.028905
0.065066
0.33092
0.002115
0.030066
0.075394
0.0036339
0.11341
0.026344
0.091368
0.00080573
0.0014327
0.030362
0.0925
0.012549
0.0098305
0.031618
0.005745
0.0057185
0.022882
0.0083955
0.032067
0.008684
0.0031976
0.0010774
0.1078
0.018356
0.010238
0.084324
0.035725
0.058964
0.036659
0.014549
0.067342
0.0041677
0.025948
0.0025723
0.033157
0.045108
0.013656
0.0098223
0.0027193
0.1572
0.0083758
0.092273
0.0059155
0.10871
0.030321
0.0056127
0.022179
0.062312
0.046732
0.026122
0.0016606
0.060713
0.017359
0.19203
0.0098065
0.085454
0.028521
0.021059
0.070703
0.03098
0.0022716
0.046703
0.15585
0.019894
0.090005
0.017991
0.047587
0.013814
0.16571
0.052509
0.019399
0.00034487
0.034442
0.067265
0.19302
0.023364
0.17858
0.0016746
0.034528
0.0042726
0.0020435
0.014443
0.04752
0.0074354
0.022375
0.014527
0.021855
0.0026964
0.003105
0.034248
0.0872
0.052341
0.22511
0.31486
0.0073401
0.069842
0.0078996
0.0075696
0.079952
0.030357
0.0051278
0.018411
0.077133
0.00060477
0.025884
0.0058318
0.0067434
0.024243
0.037585
0.058903
0.0073844
0.00020595
0.028645
0.08435
0.025486
0.068357
0.042464
0.079489
0.0082538
0.03235
0.03237
0.012097
0.10943
0.0012514
0.011095
0.018949
0.02364
0.073599
0.0036333
0.028082
0.038837
0.0088107
0.013416
0.00017287
0.020988
0.09673
0.10805
0.091357
0.15325
0.044792
0.011601
0.042806
0.19535
0.33321
0.016183
0.010063
0.15162
0.050409
0.029765
0.05519
0.015084
0.0070968
0.014753
0.0019152
0.017425
0.02266
0.00016425
0.16631
0.13618
0.00093226
0.040568
0.014194
0.040486
7.7438e-05
0.0056809
0.069005
0.039116
0.045577
0.0079393
0.20352
0.0076985
0.19932
0.24363
0.035286
0.0056983
0.007723
0.0017055
0.081067
0.0045716
0.06669
0.16013
0.00071788
0.15378
0.073132
0.20139
0.10953
0.014543
0.21257
0.0050448
0.060937
0.038409
0.016385
0.0022366
0.058894
0.00077103
0.0085904
0.13521
0.088322
0.084509
0.12602
0.002665
0.17456
0.0026604
0.1125
0.048082
0.072553
0.023719
0.022626
0.056878
0.0089109
0.26488
0.064136
0.0018685
0.0056618
0.22793
0.0008052
0.041584
0.027964
0.011284
0.024386
0.00033466
0.026121
0.017249
0.050849
0.00035686
0.0035943
0.12122
0.01882
0.0042106
0.021323
0.0093398
0.010341
0.11032
0.017585
0.0029045
0.051332
0.030443
0.074229
0.0094269
0.040653
0.0009662
0.019432
0.048094
0.078943
0.14309
0.021616
0.064888
0.021747
0.19362
0.0031773
0.089589
0.011929
0.11435
0.031953
0.010635
0.026197
0.017706
0.0010475
0.069723
0.018173
0.010435
0.005017
0.015163
0.00071517
0.38667
0.14031
0.023109
0.050719
0.019856
0.11125
0.021923
0.004343
0.1081
0.046524
0.13313
0.087008
0.019408
0.0020588
0.010896
0.33903
0.03458
0.024414
0.046993
0.2213
0.015077
0.014722
0.044325
0.036853
0.026253
0.16972
0.072646
0.037892
0.10246
0.00022026
0.0052156
0.0020074
0.0041539
0.042039
0.044538
0.2194
0.0088409
0.048314
0.08206
0.013924
0.07791
0.11836
0.0015193
0.0049002
0.0045674
0.11051
0.073145
0.005383
0.0071749
0.062134
0.055298
0.044016
0.038858
0.15334
0.0013675
0.0080195
0.016468
0.00053744
0.10808
0.027904
0.02636
0.10753
0.017044
0.040318
0.013771
0.013541
0.05707
0.0059516
0.0090731
0.00024885
0.019449
0.04623
0.099026
0.00052631
0.012839
0.009285
0.088854
0.070342
0.0028693
0.011156
0.0040614
0.064011
0.0050484
0.006128
0.0038589
0.16733
0.067803
0.0049619
0.0011845
0.10766
0.057238
0.16974
0.025001
0.036577
0.082461
0.080069
0.13232
0.35066
0.085545
0.016525
0.020759
0.0015253
0.01733
0.035082
0.044566
0.29926
0.0766
0.035792
0.050393
0.10365
0.13361
0.36575
0.0076377
0.058636
0.01252
0.035756
0.058161
0.065267
0.062394
0.14579
0.0079191
0.057324
0.17187
0.050939
0.0045853
0.098558
0.055609
0.02645
0.025657
0.0078001
0.1589
0.0054608
0.0019042
0.009691
0.11448
0.11047
0.057405
0.044585
0.016179
0.0052791
0.0086388
0.013312
0.031742
0.042375
0.024751
0.020815
0.1602
0.0023224
0.031326
0.1459
0.049826
0.025527
0.020007
0.0087311
0.01581
0.016215
0.022242
0.059873
0.0087024
0.027336
0.032634
0.11168
0.0054987
0.097127
0.009282
0.17515
0.0094502
0.048582
0.033841
0.1744
0.058706
0.010481
0.002079
0.010063
0.10139
0.049147
0.0032859
0.10291
0.0050768
0.031872
0.00208
0.025463
0.026714
0.0054885
0.088062
0.062198
0.096741
0.0083414
0.019339
0.018007
0.011305
0.11448
0.00057227
0.11124
0.0029756
0.14095
0.004085
0.020025
0.00524
0.012283
0.00097287
0.083448
0.14449
0.13692
0.00093792
0.00081571
0.0018615
0.014087
0.10449
0.016783
0.040293
0.013014
0.074409
6.6219e-05
0.12457
0.0066187
0.014157
0.041961
0.0033789
0.043778
0.035459
0.0041574
0.0036349
0.07914
0.007731
0.01379
0.01883
0.040663
0.10102
0.17739
0.069079
0.090407
0.065701
0.0010697
0.019704
0.019733
0.06791
0.0082944
0.28032
0.11175
0.017083
0.0029841
0.043348
0.0092449
0.0035097
0.14375
0.048247
0.00085174
0.023718
0.0051498
0.0050503
0.011751
0.0014066
0.01345
0.15203
0.059349
0.082332
0.096311
0.058156
0.066306
0.076694
0.026913
0.053558
0.060433
0.14329
0.0036324
0.10481
0.015479
0.45237
0.0034339
0.029669
0.0016884
0.24992
0.013412
0.0086489
0.016443
0.024534
0.02775
0.04063
0.025537
0.062732
0.097177
0.0037394
0.085268
0.036686
0.046623
0.0037983
0.0074557
0.32921
0.021264
0.040388
0.20616
0.037106
0.03954
0.0036178
0.073866
0.00055343
0.028499
0.0064537
0.080368
0.083987
0.003442
0.011233
0.010085
0.040773
0.011878
0.039069
0.00025526
0.025682
0.038191
0.14833
0.0053235
0.016091
0.045978
0.013255
0.062748
0.1015
0.056504
0.11811
0.00033555
0.0069765
0.03295
0.044044
0.013723
0.12241
0.21233
0.081733
0.064945
0.00023705
0.079476
0.16763
0.13534
0.047389
0.0058338
0.21073
0.10707
0.085798
0.0012606
4.3579e-05
0.0012598
0.00098701
0.073865
0.065625
0.043576
0.0040218
0.00099628
0.018036
0.061683
0.13025
0.080774
0.010583
0.014432
0.026587
0.0057015
0.033114
0.053296
0.021453
0.017379
0.24764
0.19394
0.16558
0.15538
0.14796
0.00082916
0.13769
0.034372
0.0010843
0.02862
0.078408
1.8739e-05
0.00068348
0.015007
0.14328
0.07801
0.17851
0.028915
0.0012717
0.022264
0.036243
0.020253
0.0772
0.015046
0.053035
0.017777
0.04778
0.09826
0.13664
0.010862
0.005703
0.045953
0.10992
0.14613
0.0033466
0.071775
0.0092513
0.030847
0.007701
0.055784
0.028624
0.0071601
0.010196
0.0046119
0.02438
0.0077412
0.0012812
0.010453
0.15755
0.084494
0.010418
0.1197
0.000499
0.0089175
9.0568e-05
0.054203
0.011146
0.0067451
0.039254
0.035381
0.022382
0.0095008
0.018925
0.054651
0.0074379
0.0094703
0.069067
0.028737
0.10061
0.10859
0.015868
0.14622
0.080991
0.0050965
0.020753
0.014725
0.00082398
0.0072441
0.010154
0.0075982
0.062685
0.039584
0.062781
0.077113
0.060447
0.014243
0.036814
0.023804
0.081243
0.019627
0.0081008
0.15816
0.00020108
0.018727
0.00056136
0.0049216
0.18909
0.03552
0.053148
0.097286
0.0040899
0.048323
0.041327
0.0026192
0.041548
0.032156
0.0032713
0.014047
0.015914
0.008841
0.0070889
0.054078
0.29299
0.0025037
0.12712
0.0045009
0.0010356
0.004471
0.014956
0.024124
0.034827
0.051981
0.13397
0.051702
0.0052217
0.13895
0.10375
0.059906
0.0061429
0.024246
0.053649
0.0085765
0.003947
0.02284
0.023829
0.012561
0.051608
0.0016783
0.11497
0.0078145
0.051985
0.11659
0.024722
0.016568
0.019376
0.010107
0.094256
0.0089345
0.0090191
0.004923
0.025344
0.020872
0.065027
0.029936
0.00014852
0.10623
0.051856
0.25836
0.0069996
0.011526
0.0074671
0.041278
0.0065585
0.013742
0.0024634
0.017233
0.015824
0.26709
0.0045317
0.08521
0.064685
0.087538
0.02562
0.027629
0.013182
0.0083169
0.066755
0.0024714
0.052385
0.089133
0.073299
0.10392
0.022503
0.017186
0.068277
0.021208
0.046987
0.012012
0.051026
0.031819
0.074644
0.0381
0.018707
0.1315
0.099691
0.099534
0.13334
0.014681
0.024419
0.0072213
0.041297
0.022572
0.063158
0.019895
0.0025463
0.022754
0.00028702
0.24519
0.033731
0.029099
0.012346
0.013845
0.0001223
0.063777
0.024578
0.16081
0.06769
0.025763
0.03078
0.056568
0.1033
0.049944
0.0056279
0.018088
0.068996
0.031765
0.00011384
0.011587
0.21038
0.024433
0.017439
0.044372
0.066856
0.023935
0.0099458
0.12787
0.039029
0.029822
0.0047555
0.020796
0.017381
0.16163
0.031057
0.10897
0.015035
0.0092613
0.11197
0.012101
0.01432
0.20014
0.0019413
0.026408
0.080449
0.022892
0.013929
0.064719
0.036891
0.0084853
0.0021739
0.042117
0.042677
0.015491
0.0011316
0.0023453
0.045813
0.023528
0.0074989
0.0031069
0.0021405
0.039556
0.080479
0.081456
0.38969
0.00032719
0.0022769
0.0087669
0.0078086
0.024528
0.012516
0.15686
0.15792
0.019905
0.068807
0.42239
0.0093066
0.037973
0.00018832
0.14903
0.11121
0.00072533
0.0039552
0.070379
0.027896
0.14132
0.017669
0.019136
0.014581
0.005602
0.0091699
0.1662
0.13864
0.025315
0.05334
0.069394
0.22973
0.091258
0.0012467
0.050556
0.029716
0.045544
0.015827
0.033183
0.0033263
0.065834
0.014526
0.026443
0.17783
0.014666
0.057729
0.12206
0.032978
0.014392
0.0085602
0.0061618
0.037642
0.029057
0.017771
0.01158
0.039573
0.047665
0.053441
0.033549
0.015631
0.016909
0.04965
0.021277
0.0052788
0.088652
0.058071
0.17843
0.0075199
0.007718
0.041887
0.053727
0.00013882
0.024595
0.26113
0.0047239
0.020914
0.0046284
0.0087169
0.12234
0.042095
0.00051876
0.028435
0.042196
0.024204
0.00053331
0.035234
0.0045113
0.10239
0.12838
0.049027
0.14667
0.025184
0.00081126
0.061153
0.14017
0.10113
0.094094
0.025726
0.032816
0.064543
0.014912
0.1112
0.06763
0.021295
0.048488
0.027226
0.051093
0.22589
0.041072
0.029019
0.10864
0.019387
0.00086747
0.13268
0.055773
0.026608
0.03529
0.001602
0.011919
0.010915
0.017409
0.19674
0.017227
0.053967
0.12475
0.13946
0.002959
0.067403
0.030023
0.042945
0.064918
0.065031
0.013267
0.16361
0.0080997
0.058904
0.0056096
0.031106
0.072114
0.075538
0.054742
6.9369e-05
0.084889
0.0051079
0.0054051
0.026693
0.015574
0.045631
0.054173
0.0070009
0.12377
0.077705
0.035407
0.043166
0.0088461
0.032233
0.0076824
0.22192
9.2261e-06
0.060766
0.009217
0.19725
0.0042429
0.01062
0.11966
0.0044022
0.0064535
0.36448
0.015895
0.017909
0.078358
0.036791
0.0018331
0.034139
0.11922
0.014552
0.00063318
0.036738
0.070979
0.0035382
0.0011898
0.042448
0.0094647
0.12544
0.074636
0.12387
0.23275
0.027797
0.06603
0.19964
0.010232
0.025435
0.0037604
0.023661
0.00071759
0.010073
0.0012994
0.010861
0.06494
0.13431
0.014154
0.0069939
0.098997
0.054827
0.030851
0.013006
0.020729
0.16657
0.00064886
0.022535
0.022529
0.022299
0.02034
0.10555
0.19751
0.039458
0.062882
0.013907
0.00027855
0.068782
0.009298
0.015451
0.025937
0.0030214
0.015433
0.025281
0.13297
0.21387
0.00097561
0.011249
0.0034085
0.0032267
0.007809
0.02604
0.049893
0.061233
0.032208
0.30111
0.038052
0.01211
0.039891
0.020048
0.021154
0.00045057
0.062239
0.18321
0.0042305
0.0035212
0.045283
0.099812
0.091739
0.09418
0.0208
0.0050644
0.18107
0.021217
0.068572
0.0761
0.011475
0.086892
0.12108
0.034622
0.083419
0.045282
0.086663
0.0035645
0.077499
0.025337
0.093245
0.035189
0.0064014
0.032419
0.0038607
0.016166
0.024867
0.027636
0.037982
0.0069121
0.017197
0.086491
3.0184e-05
0.030707
0.02856
0.0094178
0.014909
0.011665
0.075068
0.04366
0.04928
0.0054989
0.00053782
0.060946
0.00052973
0.02024
0.085604
0.033449
0.11139
0.013239
0.0097383
0.031632
0.014337
0.012106
0.077699
0.10352
0.031529
5.8908e-06
0.0038076
0.18985
0.0013201
0.0033211
0.07783
0.00036635
0.066981
0.018322
0.027616
0.03003
0.068857
0.15562
0.09206
0.015574
0.012851
0.0047724
0.063555
0.22926
0.023949
0.08178
0.0022852
0.062425
0.073284
0.027677
0.066631
0.25353
0.00050562
0.003089
0.00099304
0.0053768
0.043964
0.13272
0.011219
0.014373
0.036764
0.10227
0.056062
0.014524
0.029094
0.011106
0.016763
0.15141
8.297e-05
0.087546
0.033775
0.023718
0.016181
0.0069072
0.0087537
0.058067
0.087859
0.0054959
0.016304
0.019782
0.03188
0.019496
0.044353
0.0044139
0.031576
0.033711
0.057095
0.024255
0.0224
0.10183
0.011912
0.08144
0.061493
0.013324
0.084412
0.038416
0.079169
0.10431
0.0068313
0.052236
0.031541
0.15225
0.13859
0.054169
0.054688
0.050604
0.016334
0.038634
0.0059514
0.0040806
0.024705
0.050617
0.02541
0.067876
0.045848
0.0051426
0.0044603
0.14542
0.0014373
0.25745
0.14089
0.0099956
0.045148
0.078663
0.0057567
0.0047714
0.0089501
0.048969
0.00074804
0.052819
0.023422
0.075305
0.021467
0.054304
0.012922
0.14759
0.13167
0.086336
0.083783
0.096675
0.063008
0.087014
0.19677
0.14835
0.22933
0.019364
0.063314
0.032737
0.08943
0.0069628
0.24026
0.02816
0.0023756
0.010316
0.0085781
0.046255
0.00087624
0.047876
0.0041076
0.011094
0.038359
0.028061
0.050982
0.1166
0.0082022
0.032112
0.10208
0.030912
0.0027763
0.036227
0.016085
0.033763
0.11584
0.048804
0.057822
0.34187
0.092756
0.0040648
0.01108
0.14937
0.099663
0.0016136
0.003802
0.052892
0.03346
0.01212
0.037594
0.025972
0.0012678
0.029698
0.006648
0.011042
0.095985
0.0079485
0.26586
0.011774
0.03028
0.050719
0.0099406
0.012825
0.035868
0.0064503
0.0067203
0.0067132
0.029388
0.093836
0.021721
0.0026942
0.059434
0.047999
0.052006
0.011559
0.013342
0.061653
0.0043792
0.136
0.15093
0.00072989
0.018457
0.0090883
0.10131
0.054821
0.507
0.023831
0.0022177
0.035538
0.04878
0.028178
0.13296
0.0094395
0.042906
0.10025
0.043377
0.062976
0.05755
0.27868
0.07075
0.033612
0.10333
0.044713
0.034679
0.026834
0.024551
0.051566
0.077084
0.099705
0.023743
0.052205
0.016359
0.0079598
0.0069724
0.01435
0.060866
0.027432
0.024514
0.031429
0.10262
0.049981
0.0044748
0.068822
0.08576
0.026887
0.043728
0.0053858
0.012667
0.014203
0.055556
0.26182
0.053084
0.01024
0.074815
0.0011097
0.25627
0.0068986
0.08235
0.067127
0.035026
0.021835
0.020923
0.00076529
0.032034
0.018705
0.019058
0.01903
0.044973
0.013586
0.056517
0.044278
0.009837
0.028782
0.019226
0.041018
0.082082
0.029065
0.032688
0.10406
0.032948
0.031606
0.18424
0.13149
0.054001
7.0498e-05
0.018969
0.0098865
0.062208
0.026157
0.22888
0.0063587
0.070231
0.016471
0.018168
0.09541
0.0098118
0.051657
0.071402
0.012556
0.05244
0.027973
0.03714
0.0075802
0.025329
0.0023723
0.10404
0.0029835
0.062174
0.0014795
0.15426
0.024588
0.27495
0.1037
0.0048616
0.017443
0.0060549
0.013297
0.10381
0.015294
0.033072
0.0020818
0.0036304
0.012795
0.017097
0.06652
0.013011
0.011049
0.009439
0.042019
0.15722
0.01322
0.0419
0.0057878
0.069433
0.00093334
0.0027844
0.053942
0.0092488
0.0099072
0.020692
0.10248
0.17678
0.004558
0.021024
0.14057
0.068735
0.0052657
0.1471
0.0067913
0.0036639
0.045537
0.0075013
0.0069835
0.088441
0.013604
0.015845
0.00017747
0.043598
0.011352
0.14355
0.14495
0.026071
0.043408
0.0448
0.00060081
0.012413
0.049324
0.069547
0.0098931
0.0036407
0.049214
0.14606
0.024425
0.039088
0.074472
0.031796
0.029568
0.02018
0.060205
0.025634
0.027543
0.0318
0.021978
0.042563
0.0022737
0.014787
0.059069
0.0008624
0.25244
0.075121
0.0061096
0.0086213
0.056888
0.0044777
0.0020335
0.010131
0.0359
0.025352
0.0040433
0.00047993
0.020773
0.021516
0.0037173
0.0079717
0.028253
0.024685
0.017381
0.051775
0.052175
0.10001
0.011553
0.045703
0.019901
0.3185
0.1042
0.00084214
0.011958
0.0024632
0.011508
0.029735
0.017542
0.031096
0.039746
0.062697
0.0036464
0.0028408
0.034088
0.038729
0.024535
0.0080122
0.16124
0.033172
0.0088518
0.012968
0.01479
0.0087939
0.034432
0.074131
0.0017234
0.018628
0.011184
0.0057503
0.020856
0.042014
0.01898
0.014735
0.24835
0.010854
0.16612
0.069669
0.011437
0.036635
0.43919
0.075827
0.042948
0.011722
0.0092566
0.0703
0.19641
0.0012045
0.026487
0.095111
0.046669
0.061894
0.021999
0.017282
0.1142
0.20536
0.031514
0.097635
0.0020589
0.039668
0.04078
0.098016
0.004045
0.0039505
0.13037
0.051529
0.013656
0.09116
0.049319
0.046316
0.050014
0.0024617
0.091045
0.083527
0.00078786
0.033709
0.011092
0.13484
0.076978
0.022861
0.053086
0.0010519
0.021194
0.11352
0.062082
0.10119
0.012039
0.009922
0.005223
0.094933
0.037785
0.0074347
0.079552
0.016128
0.059329
0.014159
0.055749
0.0015117
0.070742
0.013315
0.10375
0.035555
0.016905
0.13614
0.028283
0.068242
0.044791
0.021252
7.3884e-05
0.1909
0.064461
0.056988
0.079623
0.01781
0.012258
0.026013
0.14496
0.097939
0.014301
0.051328
0.0054927
0.0013405
0.010118
0.21544
0.010553
0.050827
0.0074502
0.092633
0.017589
0.10225
0.0065217
0.088465
0.088155
0.098635
0.036831
0.0038404
0.029546
0.023082
0.13426
0.035701
0.012946
0.00036989
0.047386
0.11617
0.065704
7.2083e-05
0.005699
0.01021
0.0093971
0.00052624
0.0036938
0.017278
0.0028656
0.0069812
0.019932
0.0048039
0.096504
0.053113
0.028838
0.042224
0.061249
0.0034961
0.056282
0.0061885
0.08688
0.0050828
0.058165
0.20565
0.045426
0.043361
0.0048405
0.0022028
0.066471
0.022202
0.05244
0.032194
0.010611
0.015165
0.15548
0.0029714
0.01193
0.03578
0.090633
0.039185
0.49973
0.024992
0.023405
0.15423
0.043146
0.02899
0.0043188
0.010299
0.01046
0.0052225
0.071195
0.050698
0.00084782
0.10213
0.1232
0.002712
0.11624
0.010538
0.011703
0.11241
0.00029472
0.079036
0.068107
0.030935
0.058817
0.012201
0.022551
0.012541
0.12494
0.054816
0.0019998
0.0033183
0.020518
0.029842
0.0062533
0.0067323
0.10317
0.020041
0.0080031
0.010295
0.29082
0.083518
0.043416
0.036326
0.0033434
0.0019303
0.020224
0.011444
0.0032617
0.046809
0.080352
0.026506
0.0020377
0.078512
0.00036463
0.03913
0.063808
0.011338
0.026144
0.044816
0.043757
0.076468
0.0053486
0.14761
0.046705
0.11948
0.0025282
0.18705
0.073555
0.048466
0.0033956
0.031178
0.078667
0.054045
0.0030693
0.31685
0.090082
0.0092217
0.089483
0.028751
0.058608
0.004121
0.0063594
1.3487e-05
0.0449
0.028675
0.0103
0.041311
0.001883
0.03769
0.18414
0.096242
0.046884
0.16109
0.0054299
0.0034355
0.16104
0.080711
0.1344
0.022646
0.036541
0.13331
0.0087882
0.011149
0.10138
0.019165
0.00761
0.006516
0.04578
0.00702
0.159
0.13188
0.0072369
0.024952
0.0032318
0.085633
0.0059337
0.15683
0.020411
0.15969
0.0721
0.075765
0.065902
0.020471
0.013564
0.0022175
0.016225
0.017814
0.041056
0.047427
0.03452
0.0056328
0.042678
0.0034478
0.0069452
0.0064186
0.0044761
0.050496
0.15615
0.064202
0.13057
0.015132
0.0014395
0.016173
0.039131
0.070073
0.048505
0.013254
0.030672
0.0065092
0.051977
0.1295
0.0059665
0.037816
0.066427
0.019944
0.022301
0.00092646
0.15603
0.012021
0.0029642
0.082956
0.0031322
0.0064496
0.0155
0.016147
0.02601
0.10017
0.019201
0.044993
0.036329
0.020481
0.0039242
0.11584
0.00027506
0.0048081
0.035983
0.0059732
0.058836
0.02839
0.010144
0.044056
0.064333
0.065146
0.021838
0.035801
0.035401
0.00044822
0.0079621
0.078074
0.0013221
0.16145
0.22463
0.078937
0.058513
0.046171
0.005127
0.0015427
0.15557
0.040017
0.0013579
0.074906
0.17581
0.3143
0.075693
0.014987
0.10753
0.01296
0.043402
0.04676
0.00089253
0.13425
0.066724
0.039618
0.012987
0.01033
0.19261
0.0084878
0.054257
0.039382
0.134
0.048763
0.10873
0.056583
0.0013975
0.0090911
0.006464
0.11647
0.080465
0.021013
0.2844
0.063126
0.01585
0.081238
0.014165
0.12087
0.03534
0.10992
0.027518
0.066467
0.095302
0.038444
0.023899
0.057279
0.011051
0.050259
0.18015
0.040201
0.05333
0.047354
0.16673
0.010299
0.1405
0.058856
0.039104
0.013251
0.073249
0.0075705
0.0096054
0.050164
0.072745
0.012681
0.040432
0.0014373
0.016358
0.12328
0.0085168
0.013399
0.12057
0.079564
0.0018205
0.080048
0.18701
0.025372
0.3531
0.022406
0.035441
0.0052868
0.020946
0.16792
0.014041
0.10912
0.0015506
0.18976
0.01289
0.0093264
0.013164
0.042017
0.0032948
0.032729
0.019184
0.10808
0.0058034
0.035366
0.0022348
0.0090762
0.077046
0.10312
0.1175
0.074408
0.075165
0.075152
0.035333
0.05558
0.006614
0.021451
0.0042074
0.011057
0.013103
0.004937
0.10654
0.10918
0.034122
0.05946
0.015162
0.072581
0.07878
0.01963
0.019438
7.6896e-05
0.00018372
0.011813
0.0061254
0.046243
0.10102
0.008427
0.016877
0.00014716
0.0088252
0.0006687
0.10111
0.012106
0.059867
0.020168
0.032909
0.023028
0.0024632
0.039097
0.13333
0.0092367
0.04526
0.030695
0.058793
0.019449
0.0051676
0.017448
0.029715
0.0022349
0.049115
0.23054
0.17472
0.0077151
0.00065629
0.010695
0.061649
0.012351
0.12673
0.0025134
0.0083119
0.098578
0.038523
0.0011257
0.084773
0.062782
0.16731
0.1
0.13984
0.01251
0.14925
0.027094
0.008657
0.14785
0.015819
0.036801
0.042097
0.020063
5.3403e-05
0.10954
0.082082
0.0035244
0.15958
0.1376
0.021571
0.1917
0.1232
0.041414
0.025807
0.076824
0.043291
0.0025208
0.046764
0.025436
0.086977
0.05004
0.0050728
0.00084202
0.025903
0.0035303
0.010231
0.10383
0.34935
0.0079677
0.028086
0.072744
0.013006
0.016568
0.0043364
0.049019
0.05186
0.058615
0.26778
0.061462
0.0047832
0.098874
0.024452
0.15864
0.0053001
0.00088688
0.057196
0.072182
0.0017653
0.0054852
0.0085704
0.028724
0.021853
0.021518
0.038595
0.0059044
0.097171
0.11962
0.027182
0.024423
0.093837
0.0996
0.15948
0.037089
0.030552
0.33888
0.065408
0.049863
0.26712
0.013184
0.0051641
0.038589
0.0069679
0.00018065
0.037007
0.00090504
0.036755
0.079241
0.08073
0.0098757
0.0014591
0.0046671
0.040398
0.0012331
0.032785
0.012775
0.030467
0.046227
0.019324
0.016375
0.077359
0.023897
0.0010809
0.0036867
0.00064421
0.017951
0.040503
0.03572
0.3189
0.05115
0.0091229
0.016901
0.035218
0.0015918
0.00045095
0.030308
0.035973
0.0076381
0.11333
0.0061743
0.010427
0.021489
0.056837
0.021633
0.022492
0.079526
0.16316
0.073134
0.00020035
0.0071967
0.18287
0.025372
0.06468
0.028572
0.021881
0.17877
0.0040138
0.031179
0.083263
0.00038157
0.0029403
0.01825
0.045729
0.0019973
0.0030995
0.16955
0.13384
0.070814
0.051226
0.0049389
0.25864
0.066081
0.01191
0.13354
0.0046009
0.092725
0.034802
0.060618
0.024883
0.00064122
0.099847
0.0043296
0.030703
0.021152
0.37336
0.031008
0.011296
0.025876
0.00025706
0.029338
0.17272
0.11896
0.032538
0.093303
0.034342
0.019085
0.11636
0.13817
0.24149
0.13451
0.039421
0.035932
0.0048538
0.070338
0.0054303
0.044856
0.24148
0.010437
0.093562
0.23795
0.021611
0.0075647
0.014438
0.057768
0.026052
0.08979
0.026319
0.077879
0.014253
0.042938
0.073118
0.022471
0.10806
0.060397
0.14337
0.042772
0.0042379
0.019484
0.046061
0.01697
0.01907
0.050672
0.093142
0.0014376
0.028487
0.0011606
0.032711
0.0018402
0.0079437
0.030089
0.26592
0.070417
0.036433
0.0035158
0.0025415
0.018565
0.032788
0.0063274
0.046686
0.015444
0.048937
0.1116
0.0331
0.18782
0.024975
0.00088637
0.086384
0.18447
0.0355
0.041882
0.0006761
0.015266
0.011372
0.11944
0.030017
0.0021002
0.015076
0.038234
0.053924
0.00014097
0.0099638
0.052738
0.044366
0.023047
0.011242
0.039968
0.019334
0.00062561
0.0048563
0.043402
0.062845
0.0058401
0.030301
0.032618
0.10138
0.12528
0.056842
0.00032952
0.14225
0.065164
0.046657
0.017101
0.12792
0.22243
0.055217
0.0011453
0.0028385
0.011478
0.016215
0.019135
0.077463
0.012746
0.085425
0.0032839
0.16196
0.05318
0.004974
0.11276
0.010211
0.032405
0.05692
0.020228
0.077811
0.013507
0.058174
0.084033
0.053157
0.0018244
0.015385
0.010134
0.00060417
0.037662
0.056904
0.0049241
0.0417
0.011123
0.017265
0.0044614
0.042581
0.00010285
0.054647
0.1873
0.049334
0.0060431
0.0064349
0.052366
0.0024149
0.018142
0.14753
0.014632
0.047187
0.097882
0.17286
0.0068211
0.0035377
0.27553
0.068102
0.16775
0.048376
0.045012
0.013226
0.036
0.0038789
0.080428
0.12162
0.071656
0.019581
0.020752
0.026058
0.016477
0.0097235
0.056293
0.058532
0.027642
0.011969
0.0026093
0.053044
0.074323
0.11572
0.052981
0.18683
0.05201
0.12003
0.021638
0.0035922
0.0030974
0.026021
0.0099208
0.039084
0.22408
0.081414
0.073907
0.023945
0.14272
0.038684
0.022258
0.0055366
0.014925
0.00696
0.14385
0.02282
0.12171
0.012264
0.054141
0.013976
0.0039828
0.37773
0.037471
0.050464
0.0082568
0.0090371
0.016022
0.042591
0.070982
0.11219
0.078663
0.018674
0.021032
0.00077819
0.028002
0.0015641
0.072765
0.023861
0.13702
0.0063101
0.089531
0.023473
0.0068442
0.0013077
0.016651
0.081884
0.13823
0.046082
0.00030752
0.061351
0.073666
0.10559
0.0029764
0.037292
0.023686
0.26209
0.031881
0.0058597
0.16226
0.053634
0.04327
0.011575
0.00075815
0.00067441
0.01835
0.0050588
0.059606
0.04448
0.072925
0.0003198
0.3137
0.013659
0.044215
0.012362
0.10959
0.14236
0.023064
0.0032268
0.019545
0.00721
0.19941
0.018957
0.04688
0.1035
0.10925
0.19535
0.041047
0.0005927
0.0034305
0.020416
0.041675
0.2425
0.008977
0.013578
0.18768
0.011134
0.0069505
0.15454
0.030896
0.000105
0.042722
0.013127
0.077133
0.029553
0.16496
0.19639
0.03061
0.058404
0.1545
0.013226
0.0545
0.0084033
0.087686
0.22338
0.0087498
0.039578
0.031537
0.068805
0.045156
0.0055599
0.0038227
0.069953
0.013441
0.063855
0.036081
0.12799
0.057578
0.00085082
0.039088
0.0022156
0.018347
0.013086
0.024268
0.043858
0.034545
0.0027625
0.014615
0.11507
0.045584
0.0052354
0.062485
0.036434
0.054066
0.11067
0.017345
0.013517
0.0019375
0.0085835
0.053705
0.019872
0.1032
0.33243
0.038573
0.0032636
0.09689
0.055423
0.00094301
0.0007404
0.0049159
0.0033665
0.050476
0.004054
0.063672
0.0080386
0.023857
0.15736
0.01971
0.009709
0.0010516
0.14999
0.076409
0.010353
0.015153
0.023176
0.10011
0.00069436
0.00013076
0.056755
0.1673
0.00093031
0.037583
0.076889
0.055184
0.0017854
0.00060236
0.13283
0.00080427
0.019424
0.0074547
0.0016433
0.1419
0.0012682
0.069948
0.076451
0.11954
0.02568
0.067225
0.0057933
0.12647
0.007866
0.023666
0.51111
0.026234
0.077866
0.021509
0.03359
0.013975
0.06916
0.0016864
0.014073
0.0019219
0.038928
0.006823
0.03617
0.009512
0.29948
7.6758e-05
0.14456
0.091632
0.028066
0.0086092
0.047281
0.058696
0.098475
0.0028394
0.062913
0.049977
0.17248
0.080073
0.027138
0.071147
0.02106
0.0068681
0.043183
0.0084065
0.012294
2.1461e-06
0.23668
0.015972
0.026257
0.001053
0.013536
0.032978
0.058062
0.038566
0.041821
0.12325
0.031799
0.0087666
0.032387
0.053881
0.043073
0.012835
0.0031418
0.0099243
0.10571
0.11501
0.12858
0.062983
0.17242
0.093238
0.00070064
0.08876
0.033736
0.011782
0.03034
0.02365
0.009905
0.00073451
0.042516
0.016493
0.16978
0.0033152
0.0035023
0.00013406
0.043555
0.049755
0.012719
0.019241
0.0051285
0.0014993
0.00031335
0.0029411
0.20508
0.13482
0.04704
0.11946
0.041377
0.010916
0.0041224
0.052668
0.0028812
0.016742
0.038992
0.0060675
0.00019005
0.044249
0.031025
0.019093
0.040234
0.018502
0.019862
0.0072524
0.021157
0.062903
0.03331
0.0371
0.047211
0.0026039
0.049153
0.025776
0.079729
0.029699
0.093947
0.027278
0.012318
0.05793
0.021019
0.0053982
0.0029808
0.0085758
0.076053
0.01783
0.012438
0.37625
0.020127
0.0015293
0.1346
0.074183
0.0022357
0.081227
0.056746
0.014592
0.077031
0.034079
0.027787
0.037867
0.030481
0.085405
0.12239
0.0015741
0.10903
0.051231
0.0072726
0.10321
0.025203
0.0042979
0.0015254
0.03403
0.065046
0.086517
0.01338
0.11151
0.098773
0.013109
0.041151
0.068234
0.058504
0.026257
0.093903
0.24091
0.4535
0.029443
0.0023838
0.0014086
0.049738
0.025378
0.048734
0.029177
0.13273
0.061991
0.044325
0.0083163
0.10108
0.042294
0.0020017
0.068308
0.011269
0.056135
0.032383
0.016021
0.014299
0.036504
0.22604
0.039862
0.0055677
0.0024273
0.022062
0.005508
0.047609
0.005065
0.0033923
0.018222
0.041412
0.067815
5.3895e-05
0.017546
0.0099629
0.0038487
0.033463
0.06255
0.032255
0.20855
0.073393
0.02556
0.04136
0.0099042
0.0059574
0.023785
0.023283
0.020537
0.023261
0.031848
0.050153
0.0069323
0.0076167
0.060932
0.077865
0.067929
0.077508
0.024354
0.026941
0.056486
0.0058691
0.14064
0.041177
0.0030415
0.0040614
0.074275
0.071909
0.001835
0.016587
0.061314
0.11481
0.012696
0.022365
0.10961
0.09339
0.011868
0.21383
0.064376
0.0009229
0.22276
0.0077358
0.0083358
0.12735
0.012333
0.17741
0.15731
0.008074
0.0087982
0.00023704
0.001432
0.01121
0.0010324
0.10855
0.015339
0.04409
0.025683
0.0016911
0.003278
0.074403
0.1342
0.076946
0.01449
0.037065
0.031037
0.011964
0.054191
0.0057474
0.006551
0.056812
0.0068173
0.21817
0.0057058
0.030613
0.12374
0.022152
0.098559
0.00231
0.011564
0.10115
0.079146
0.030319
0.058973
0.015731
0.12432
0.0091042
0.058454
0.09477
0.066547
0.00066407
0.080227
0.0028391
0.094757
0.032556
0.00169
0.10567
0.0082818
0.015622
0.011313
0.089412
0.045801
0.012716
0.039541
0.069085
0.0037489
0.013574
0.01454
0.20608
0.016858
0.16418
0.010914
0.00030411
0.013069
0.010505
0.022107
0.0013106
0.12892
0.0024731
0.030543
0.051434
0.0047606
0.21793
0.077134
0.031098
0.0030897
0.011786
0.0042743
0.040362
0.12897
0.20973
0.028078
0.029428
0.0081686
0.0067026
0.011366
0.009043
0.051529
0.021413
0.007238
0.094372
0.020757
0.0013657
0.036679
0.065459
0.0017987
0.0885
0.00012706
0.01187
0.026582
0.061297
0.11072
0.10718
0.010412
0.050032
0.045402
0.040063
0.0058788
0.018938
0.091169
0.13237
0.069298
0.13249
0.088955
0.086835
0.058157
0.018212
0.0094428
0.028208
0.01423
0.055847
0.058921
0.043583
0.056067
0.039646
0.034903
0.072686
0.0023561
0.0064857
0.0012259
0.0060745
0.071539
0.020196
0.025539
0.0085904
0.0039626
0.045903
0.0066839
0.012592
0.013456
0.071285
0.10574
0.058339
0.11008
0.043391
0.00083429
0.073905
0.060886
0.01164
0.10139
0.0053364
0.0093666
0.0069856
0.0030575
0.003592
0.25601
0.024154
0.0086334
0.14089
0.069946
0.034353
0.033238
0.0034686
0.063641
0.11103
0.071371
0.066421
0.14067
0.015214
0.027026
0.014286
0.030381
0.060894
0.027096
0.0021218
0.010045
0.029821
0.0033413
0.0024158
0.034397
0.052608
0.050822
0.066514
0.071736
0.047098
0.060694
0.000277
0.030314
0.013833
0.097515
0.03578
0.095063
0.041107
0.020678
0.0053654
0.0027006
0.10185
0.023757
0.042922
0.056914
0.010255
0.00053399
0.047636
0.028902
0.0077506
0.014022
0.065181
0.018358
0.060114
0.10804
0.0096593
0.01726
0.027878
0.013431
0.035869
0.089322
0.0011592
0.23261
0.02267
7.0556e-05
0.092308
0.02896
0.040044
0.001661
0.030371
0.013065
0.046528
0.048706
0.0017191
0.011714
0.0060994
0.030706
0.023112
0.011429
0.015422
0.068238
0.057385
0.031583
0.0010397
0.016879
0.014505
0.0015203
2.5505e-05
0.038946
0.0093304
0.03532
0.014946
0.1292
0.014179
0.060453
0.071881
0.065904
0.00069745
0.0082534
0.01285
0.00035711
0.013806
0.080143
0.02811
0.032509
0.03278
0.0013345
0.020939
0.095129
0.00078944
0.020031
0.0088201
0.021691
0.013651
0.00613
0.075947
0.068036
0.02093
0.092008
0.015736
0.011298
0.10283
0.038562
0.077591
0.06105
0.014195
0.0094976
0.047874
0.020599
0.090743
0.068453
0.16881
0.092784
0.0078149
0.15705
0.1293
0.036906
0.2771
0.09079
0.00038061
0.02527
0.0024597
0.00058765
0.11228
0.33513
0.26302
0.00059471
0.047058
0.035653
0.03722
0.079896
0.032637
0.013805
0.035421
0.038988
0.072939
0.0046708
0.0016001
0.054367
0.00066464
0.0035064
0.0064278
0.017009
0.0058153
0.17607
0.021114
0.00012803
0.066545
0.12154
0.069776
0.053213
0.023951
0.058115
0.012687
0.036684
0.0053018
0.068265
0.0064765
0.0062548
0.066855
0.011166
0.015646
0.0082452
0.0099978
3.6209e-05
0.0090763
0.0037899
0.048575
0.0070249
0.00067203
0.071202
0.038323
5.0808e-05
0.019481
0.24351
0.0010232
0.16596
0.00072152
0.039172
0.0050842
0.0035357
0.031414
0.13225
0.030393
0.018294
0.019999
0.022106
0.015042
0.04257
0.18802
0.13356
0.00014888
0.065081
0.1818
0.010894
0.048078
0.0094884
0.0083414
0.21259
0.0073477
0.0025296
0.0011112
0.001708
0.0035992
0.0057641
0.0026325
0.02308
0.0037976
0.078319
0.0082533
0.038725
0.018012
7.5025e-05
0.10245
0.045743
0.25044
0.027918
0.019019
0.1006
0.12078
0.0010433
0.0030045
0.0074379
0.13358
0.22099
0.0058259
0.10046
0.0020982
0.0018209
0.12098
0.003939
0.040448
0.1041
0.0076856
0.10702
0.030727
0.009721
0.0010694
0.0015238
0.053354
0.0021503
0.018329
0.017005
0.019521
0.17533
0.01476
0.00079534
0.0021469
0.039145
0.053367
0.11141
0.010308
0.054133
0.20951
0.0114
0.014361
0.028038
0.0071176
0.0032228
0.00012756
0.040689
0.070939
0.1051
0.03703
0.0055733
0.014305
0.056696
0.045253
0.088612
0.047285
0.066701
0.043511
0.082635
0.035266
0.13815
0.065434
0.032413
0.037059
0.23614
0.095874
0.0158
0.021642
0.087531
0.048779
0.018299
0.02829
0.0055064
0.124
0.00092846
0.097675
0.011088
0.0001278
0.032727
0.033358
0.019588
0.00097899
0.060991
0.0018308
0.066843
0.0084432
0.055885
0.063259
0.10078
0.000333
0.1567
0.010389
0.056818
0.014118
0.01701
0.11438
0.036707
0.061348
0.10849
0.025215
0.051788
0.15504
0.13426
0.04003
0.011285
0.0053728
0.040194
0.013338
0.037092
0.076438
0.012063
0.03989
0.0023659
0.016992
0.043636
0.047792
0.092438
0.022355
0.013798
0.019809
0.0013904
0.0097953
0.078997
0.019385
0.012929
0.0049599
0.030382
0.0045847
0.014333
0.11254
0.0016545
0.31771
0.094296
0.01798
0.079675
0.014436
0.024645
0.0084033
0.063329
0.068173
0.0017527
0.099354
0.074814
0.022953
0.015304
0.060208
0.02708
0.075593
0.023291
0.046359
0.030524
0.036254
0.0017908
0.0014378
0.0051785
0.12449
0.0062853
0.059847
0.02679
0.12355
0.034814
0.05704
0.019148
0.047307
0.019521
0.0049889
0.0049572
0.024993
0.017429
0.054441
0.14208
0.27757
0.017546
0.031482
0.17755
0.024632
0.049825
0.237
0.017011
0.024713
0.03932
0.0072819
0.095836
0.01009
0.030814
0.038621
0.014462
8.9885e-05
0.00033873
2.3435e-05
0.027505
0.015589
0.0069931
0.073731
0.015142
0.027636
0.070139
0.036375
0.018642
0.015684
0.016397
0.0023053
0.019844
0.16332
0.039271
0.032367
0.060792
0.063261
0.021791
0.026025
0.047226
0.024841
0.13175
0.060008
0.030347
0.023791
0.038498
0.028366
0.041857
0.09988
0.0036525
0.047925
0.021863
0.021361
0.018108
0.020037
0.012694
0.011899
0.039634
0.086053
0.22477
0.040513
0.0044318
0.0040535
0.0072069
0.025006
0.013902
0.014614
0.0068976
0.10815
0.091591
0.013128
0.048421
