0.041084
0.014329
0.022827
0.027405
0.00046452
0.017246
0.018642
0.0078081
0.078277
0.037259
0.0039677
0.0084539
0.038081
0.0016044
0.015718
0.0096473
0.010355
0.04073
0.071129
0.013421
0.11347
0.015045
0.0091188
0.0062838
0.10831
0.0043027
0.043797
0.0077891
0.0072797
0.0028889
0.086497
0.0014312
0.018298
0.017251
0.022938
0.0092169
0.025773
0.019617
0.020945
0.0065521
0.0055194
2.1269e-05
0.0003451
0.02084
0.039316
0.00059106
0.026463
0.0093985
0.00059379
0.06726
0.029937
0.015517
0.0083577
0.00082153
0.03524
0.00016227
0.015104
0.0026397
0.010474
0.022426
0.015245
0.0041056
0.00062782
0.00093994
0.051956
0.056258
0.00089655
0.0058505
0.101
0.0114
0.00088401
0.018196
0.026116
0.032978
0.037962
0.018579
0.0077392
0.028679
0.0068021
0.0022661
0.061666
0.0038345
0.0059846
0.01287
0.00045315
0.064572
0.0075878
0.033043
0.11089
0.0082786
0.0016247
0.0091571
0.0016615
0.037306
0.0068408
0.042848
0.026375
0.13713
0.0045151
0.00027788
0.0033846
0.0032165
0.0097572
0.027163
0.031538
0.026711
0.0001905
0.03344
0.0099562
0.037297
0.015101
0.049985
0.018918
0.0024712
0.0021177
0.0007702
0.0098284
0.0020291
0.0043398
0.097902
0.049051
0.033074
0.031303
0.043601
0.032839
0.027882
0.00028196
0.021137
0.025582
0.016935
0.025096
0.003204
0.020103
0.05474
0.0069744
0.020431
0.019858
0.078288
0.0012491
0.013754
0.073187
0.00075682
0.027202
0.0070841
0.0055938
0.038116
0.00021433
0.0055004
0.0097899
0.0012234
0.0091511
0.13014
0.012463
0.0022041
0.0036773
0.0085609
0.1734
0.0040964
0.01422
0.0056587
0.0032926
0.002263
0.11562
0.0027385
0.0087496
0.073975
0.030682
0.052297
0.0088604
0.0098032
0.078029
3.6495e-05
0.030748
0.023838
0.025251
0.09911
0.010358
0.03014
0.016657
0.00031712
0.00059425
0.055845
0.0078402
0.02011
0.0040715
0.010548
0.02956
0.011952
0.0014146
0.0039489
0.038269
0.046383
0.019293
0.0013195
0.0049547
0.0064267
0.050212
0.07232
0.0011236
0.01592
0.012216
0.013623
0.010898
0.028269
0.033317
0.00082137
0.00071272
0.0074307
0.019684
0.0076058
0.0054042
0.00088263
0.068468
0.0098854
0.015432
0.0069754
0.0090789
0.034124
0.061464
0.16799
0.084389
0.023185
0.0027453
0.022066
0.0068959
1.8326e-05
0.0060022
0.0098534
0.033223
0.0035899
0.00095321
0.0013556
0.0076593
0.0058012
0.0006411
0.015151
0.026352
0.0064996
0.025773
0.0068156
0.093736
1.2376e-05
0.037014
0.0073035
0.021059
0.0041096
0.1175
0.079292
0.00051207
0.068271
0.022329
0.010433
0.031311
0.0097236
0.0027176
0.010621
0.00046267
0.048765
0.016147
0.027354
0.0076229
0.10543
0.081298
0.023164
0.0638
0.043649
0.019242
0.10158
0.0043192
0.0062049
0.04284
0.082315
0.016789
0.013476
0.037677
0.0012152
0.0076285
0.12668
0.00082268
0.014024
0.085199
0.060828
2.1768e-06
0.001261
0.0070399
0.11928
0.023196
0.013438
0.063549
0.0086107
0.022898
0.01416
0.0083533
0.074659
0.0857
0.025222
0.010629
0.0089612
0.03197
0.00066679
0.0018941
0.014494
6.8043e-05
0.0083375
0.032925
0.0021573
0.014117
0.030889
0.0002503
0.049874
0.011039
0.00012891
0.0059928
0.0070577
0.013129
0.0083556
0.00068273
0.018872
0.03371
0.01573
0.02809
0.014493
0.0066385
0.010069
0.018216
0.0011607
0.025281
0.017224
0.010806
0.082536
0.033346
0.056706
0.063642
0.00093678
0.10942
0.0016751
0.011282
0.058252
0.01208
0.0075761
0.067186
8.9688e-05
0.0058524
0.013579
0.001298
0.029325
0.0019241
0.022626
0.00037302
0.031637
0.00023686
0.011118
0.0088563
1.5375e-05
0.002917
0.023992
0.085311
0.097032
0.0021154
0.016442
0.018306
0.010567
0.00091298
0.016837
0.0074051
0.065241
0.022023
0.049324
0.031537
0.018674
0.028459
0.035636
0.0064413
0.0023555
0.036735
0.00086159
0.0034577
0.0099957
0.00014199
0.0088446
0.03532
0.0013858
0.0013235
0.024039
0.0228
0.0016594
0.011979
0.089944
0.0027744
0.015539
0.02739
0.022234
0.019556
0.0024478
0.10279
0.0038952
0.0011713
0.026764
0.0057395
0.033274
0.006818
0.074508
0.00016422
0.0072152
0.018338
0.11344
0.0013888
0.0074341
0.0015363
0.011405
0.18005
0.00059651
0.01653
0.0037615
0.047807
0.002075
0.00070229
0.0027759
0.003208
0.016884
0.0045048
0.0088223
0.0080997
0.02128
0.0044454
0.04559
0.27251
0.0089565
0.0095762
0.0093997
0.0046952
0.00050765
0.00034646
0.00077648
0.0074148
0.00052088
0.057197
0.021619
0.10511
0.0099122
0.0036493
0.041454
0.015565
0.063884
0.025
0.0027324
0.0099714
0.0029564
0.0062788
0.00090037
0.083311
0.042503
0.016174
0.0035908
0.00090281
0.12121
0.051191
0.015696
0.0030501
0.010509
0.003265
0.0437
0.005285
0.006926
0.18768
0.003581
2.2657e-05
0.05378
0.020038
0.039654
0.0041913
0.042095
4.3774e-05
0.14126
0.10154
0.0022705
0.0013558
0.0087918
0.003273
0.010726
0.0080573
0.039714
0.011459
0.090769
0.086631
0.02209
0.0065305
0.00091514
0.0052663
0.0049411
0.0046637
0.0023534
0.00563
0.010708
0.022386
0.00044077
0.031332
0.011101
0.0035789
0.030367
0.0015714
0.0099212
0.00069617
0.020812
0.00042956
0.00050534
0.0079923
0.062492
0.019561
0.02784
0.028943
0.034026
0.28063
0.00090214
0.013994
0.0083318
0.023825
1.4344e-05
5.8385e-05
0.0001801
0.0054673
0.0039073
0.022188
0.010582
0.028117
0.004094
0.0027744
0.071437
0.034743
0.037467
0.0067484
0.0039299
0.0017507
0.13612
0.037769
0.013158
0.018716
0.021653
0.08119
0.0031182
0.01705
0.0052414
0.0093897
0.090313
0.024587
0.00017359
0.0004674
0.018742
0.0069583
0.0089357
0.0018133
0.00023219
0.074302
0.00096568
0.0089391
0.03908
0.034762
0.0044066
0.0076698
0.0080431
0.00015205
0.0082092
0.063244
0.044361
0.062367
0.048977
0.0053175
0.0062507
0.019148
0.045154
0.017934
0.0023507
0.017239
0.0032512
0.025794
0.006246
0.0010035
0.036557
0.01258
0.058495
0.052596
0.081092
0.072322
0.0066564
0.016489
0.0062898
0.0014038
0.0030709
0.00010205
0.0027043
0.00042707
0.0036054
0.030434
0.0040729
0.004722
0.0028693
0.0034242
0.02357
0.011136
0.0028745
0.0085416
0.00026327
0.043339
0.00072968
0.0033142
0.026726
0.0066418
0.013489
0.053419
0.0094581
0.00014508
0.014631
0.0078751
0.059178
0.038145
0.045134
0.10494
0.028187
0.033518
0.020195
0.052055
1.854e-06
0.010995
0.018049
0.030904
0.01972
0.017288
0.00051994
0.011837
0.0072416
0.20671
0.0079913
0.0027856
0.0057297
0.01034
0.0018934
0.00019572
0.023999
0.0024047
0.026831
0.14776
0.065512
0.022648
0.024772
0.13841
0.045298
0.014526
0.0030041
0.0050497
0.0041879
0.013652
0.00059439
3.4223e-05
0.00045622
0.013558
0.00075681
0.018146
0.0074523
0.0090223
0.0015674
0.026871
0.0055517
0.0074784
0.0057508
0.024355
0.022394
0.040167
0.062904
0.026685
0.020485
0.010022
2.624e-05
0.1172
0.0043119
0.00075404
0.0012681
0.05649
0.00025161
0.014702
0.0011289
0.0012807
0.02046
0.0065229
0.0012865
0.13106
0.073603
0.018837
0.048262
0.10847
0.0026903
0.022777
0.0020358
0.042928
0.0051907
0.0011311
0.0032073
0.033589
0.020165
0.019841
0.028788
0.021912
0.068638
0.014101
0.01393
0.11581
0.0063359
0.084172
0.043823
0.0049569
0.0092497
0.1944
0.026526
0.018844
0.048917
0.074828
0.0136
0.019299
0.001914
0.0099472
0.0020351
0.01362
0.15072
0.20476
0.04444
0.019631
0.0040981
0.045907
0.027519
0.006095
0.026618
0.023249
0.046807
0.018062
0.00086807
0.00096901
0.017654
0.005209
0.030608
0.0002957
0.0067296
0.036984
0.059631
0.0088073
0.028008
0.076714
0.046123
0.091965
0.0050598
0.0027
0.0022153
0.029064
0.00086601
0.0072823
0.14944
0.021352
0.010111
0.0066306
0.01437
0.0021481
0.049328
0.00011029
0.0017606
0.021677
0.0070056
0.024948
0.067625
0.010637
0.0019016
0.0030635
0.00031602
0.022231
0.017918
0.047971
0.022217
0.0092852
0.0094213
0.045687
0.057151
0.017322
0.0017997
0.040749
0.011584
0.054322
0.0012854
0.0030067
0.0088651
0.01793
0.012095
0.00098019
0.00075532
0.011698
0.010301
0.00070116
0.0083253
0.0028193
0.0056071
0.013128
0.03501
0.007467
0.040886
0.038539
0.0013236
0.054518
0.0060755
0.014909
0.0071266
0.0036435
0.024994
0.098148
0.0017321
0.019379
0.0056087
0.00086824
0.028034
3.2713e-06
0.0017509
0.0025134
0.0057464
0.0096917
0.01813
0.0019537
0.00772
0.0027023
3.9925e-05
0.0025729
0.0014585
0.012317
0.0011565
0.022205
0.037247
0.01189
0.1125
0.0018631
0.029157
0.0051526
0.0024654
0.0050337
0.0059197
0.03253
0.012729
0.00041901
0.03203
0.03664
0.028216
0.0028187
0.022414
0.0074503
0.040932
0.068412
0.024452
0.033414
0.00070707
0.00041455
0.11153
0.0077797
0.097288
0.015646
0.010635
0.0016542
0.0067183
0.03024
0.00075953
0.0029931
0.0089306
0.00085051
0.019471
0.021875
0.0069193
0.068668
0.018925
0.040315
0.0021585
0.0039766
0.0052307
0.00065262
0.0019755
0.0094849
0.14566
0.065289
0.010939
0.00027461
0.001611
0.0004326
0.00011926
0.019141
0.023342
0.0026706
0.036154
0.00022079
0.00047984
0.019647
0.02128
0.0047439
0.0041372
0.0023439
0.0077788
0.064278
0.009054
0.098023
0.0031971
0.0056578
0.0075755
0.033961
0.0042082
0.0039466
0.021337
0.1103
0.0016023
0.0029311
0.011172
0.0043763
0.0025167
0.022478
0.00065605
0.0083957
0.026544
0.028854
0.00093802
0.019619
0.048066
0.00032755
0.0059174
6.7224e-05
0.03917
0.0018436
0.011917
0.0078818
0.096228
0.008861
0.0064472
0.011711
0.084056
0.010921
0.088891
0.001602
0.0077434
0.0047877
0.0060257
0.0067697
0.0002632
0.042274
0.012857
0.0016214
0.011765
0.0030956
0.041709
0.0047718
0.00064766
0.0452
0.015454
0.099307
0.034139
0.0054706
0.00119
0.021295
0.11875
0.00075255
0.013055
0.00069241
0.022713
0.0047855
0.13999
0.011049
0.022379
0.022012
0.00026744
0.0033517
0.022198
0.0064696
0.016223
0.0084033
0.00021808
0.0070186
0.047932
0.0016874
0.0039071
0.059913
0.045483
0.025613
0.015727
0.010336
0.027923
0.0018567
0.0024859
0.028073
0.0070237
0.062573
0.0053625
0.021078
0.0053757
0.025785
0.0050722
0.017643
0.017776
0.036982
0.0039462
0.002004
0.00051818
0.010968
0.03929
0.0074563
0.038426
0.016549
0.0014561
0.015395
0.0005266
0.019101
0.0045987
0.007959
0.062834
0.016422
0.0005365
0.087045
0.018314
0.032091
0.033845
0.020306
0.00054284
0.011504
0.0022905
0.020847
0.013711
0.00028626
0.052427
0.077211
0.0043986
0.00046513
0.059894
0.0058917
0.049023
0.0047102
0.0066995
0.097382
0.0023889
4.682e-05
0.014942
0.021293
0.092592
0.034217
0.008236
0.007509
0.030571
0.0058133
0.083724
0.00038038
0.066191
0.022194
0.005911
0.011437
0.010228
0.018663
0.0029598
0.027115
0.0059642
0.0005631
0.022478
0.0021067
0.0025849
0.054911
0.04636
0.016258
0.0048857
0.0057145
0.0050846
0.17114
0.053657
0.0030639
0.0016291
0.0034302
0.00034364
0.00058957
0.034525
0.011166
0.0025828
0.010596
0.0069675
0.009104
0.0037935
0.081484
0.011966
0.033547
0.021904
0.0093671
0.003503
0.016428
0.011265
0.053553
0.035752
0.026036
0.01419
0.032138
0.029274
0.00092015
0.0080488
0.00039754
0.0069448
0.030795
0.0622
0.0095811
0.014602
0.0047748
0.0031584
0.017264
0.0087471
0.037204
0.00035262
0.011028
0.027796
0.033657
0.0002709
0.0048301
0.0043535
0.0057374
0.0027554
0.0082561
0.011469
0.0010885
0.017699
0.031829
0.02721
0.00075859
0.004485
0.0014564
0.018695
0.0064636
0.11199
0.00058612
0.013124
0.010709
0.0030136
0.022003
0.0066876
0.022807
0.024245
0.0060604
0.015121
0.062069
0.03269
0.00012985
0.0045819
0.0056635
0.022878
0.13381
0.0086303
0.1056
0.0291
0.039727
0.014227
0.002965
0.006625
0.023909
0.026117
0.072864
0.043264
0.0040238
0.067523
0.00061024
0.015359
0.072107
0.008567
0.0017933
0.02108
0.0027371
0.0043418
0.0078759
0.018816
0.017639
0.015441
0.015761
0.035136
0.011775
0.10145
0.0088472
0.092295
0.001177
0.0013524
0.021831
0.00011532
0.00025569
3.5647e-05
0.046286
0.23449
0.031115
0.021168
0.033074
0.0032345
0.034113
0.014275
0.029727
0.021208
0.00078016
0.15572
0.052637
0.018034
0.0016497
0.035993
0.00043044
0.0001431
0.018942
5.3452e-05
0.055587
0.0031262
0.008297
0.006844
0.012106
0.034909
0.049501
0.006396
0.0023056
0.0053716
0.013027
0.00034405
0.0078567
0.033996
0.0049795
0.023365
0.0033866
2.7468e-06
0.028525
0.00046347
0.004647
0.065054
0.031409
0.00043605
0.012609
0.0010376
0.0027489
0.13771
0.0029216
0.0049268
0.0012419
0.0082546
0.0066837
0.059117
0.035927
0.10556
0.014494
0.022836
0.026608
0.01179
0.041363
0.0004445
0.0003834
0.0078573
0.31035
0.00077954
0.0050052
0.075202
7.0392e-06
0.023932
0.0021819
0.013562
0.0080125
0.01272
0.0093343
0.042592
0.0080088
0.046947
0.014443
0.0099436
0.013538
0.0017549
7.6288e-06
0.00012682
0.0034528
0.038127
0.10561
0.040094
0.0083643
0.0066143
0.019719
0.0063529
0.00092382
0.030447
0.026707
0.054586
0.010329
0.0019788
0.025338
0.002584
0.014927
0.0094114
4.7284e-05
0.0048205
0.00014083
0.064766
0.00083898
0.084897
0.055213
0.0065362
0.01932
0.023462
0.0024308
0.025148
0.0073001
0.013534
0.02606
0.0017826
0.0086283
0.077094
0.028918
0.04348
0.0090227
0.037773
0.011986
0.0038316
0.00025388
0.0030963
0.071934
0.00040158
0.00011252
0.0073121
0.00023381
0.02248
0.00080102
0.36023
0.012433
0.048677
0.023882
0.043379
0.0078059
0.0057173
0.020952
0.088493
0.094072
0.086811
0.076515
0.14524
0.00011756
0.0037052
0.0033105
0.10952
0.056985
0.029505
0.00089773
0.00012802
1.4151e-05
0.021127
0.02609
0.040339
0.003515
0.0041028
0.040042
0.015107
0.09555
0.0057799
0.0027141
0.0013104
0.0026293
0.015133
0.021044
0.087169
0.0020017
0.06091
0.19406
0.027929
0.00035951
0.0052422
0.018201
0.001398
0.0052265
0.0072786
0.014787
0.00020439
0.0019421
0.16538
0.050137
0.012457
0.0082506
0.02602
0.014819
0.017341
0.051259
0.00027228
0.02008
0.0017082
0.099855
0.015712
0.074231
0.023991
0.00033061
0.0014346
0.042946
0.010017
0.025827
0.00078115
0.071278
0.002588
0.042772
0.004055
0.033257
0.036954
0.035555
9.8951e-05
0.018469
0.0063925
0.094632
0.033249
0.0011415
0.013632
0.23175
0.013376
0.0019223
0.0011825
0.02521
0.03271
0.0017965
0.014884
0.01129
0.040662
0.047714
0.00073469
1.8823e-05
0.017895
0.001876
0.00026156
0.00089166
0.0016436
0.0049946
0.043294
0.032502
0.015086
0.12266
0.028649
7.8547e-05
0.024096
0.0085818
0.0071582
0.00079713
0.01749
0.0047416
0.037381
0.081847
0.0068039
0.0048674
0.025636
0.008589
0.023768
0.0021769
0.019664
0.0045847
0.0064509
0.00017987
0.037987
0.0076202
0.070156
0.0096611
0.0015626
0.10054
0.022592
0.0043165
0.0013482
0.011579
1.1893e-05
0.015421
0.028799
0.012957
0.045594
0.046023
0.028684
0.0032081
0.0072421
0.00016297
0.0028693
0.0085397
0.014175
0.026633
0.0033105
0.065425
0.060642
0.003703
0.020504
0.00825
0.025429
0.004209
0.020046
0.004092
1.0124e-05
0.070158
0.013204
0.065656
0.0039307
0.00067442
0.068888
0.010707
0.0093272
0.0049443
0.02535
0.0074916
0.038371
0.0057422
0.0045959
0.013657
0.046299
0.015837
0.0076947
0.023213
0.0018105
0.055405
0.030737
0.00040765
0.0057877
0.0032991
0.0021525
0.09293
0.016276
0.0039231
0.050801
0.0064783
0.031286
0.0016601
0.0017132
0.014017
0.017576
0.00020204
0.17831
0.017329
0.012211
0.006943
0.077385
0.049864
0.0058167
0.035226
0.056502
0.097975
0.044581
0.011105
0.0012476
0.0030147
0.05189
0.0805
0.0052929
0.012487
0.011839
0.024022
0.023109
0.00070806
0.014169
0.0033928
0.040703
0.06958
0.036971
0.0090774
0.0055983
0.00039246
0.10104
0.044985
0.014862
0.022916
0.06731
0.0021622
0.017255
0.0057846
0.008769
0.23068
0.005902
0.023688
0.028962
0.013616
0.0067788
0.002316
0.0089892
0.12315
0.0024716
0.028147
0.001942
0.0048531
0.0074218
0.018111
0.080109
1.8562e-06
0.0056173
0.033653
0.066308
0.032046
0.00078476
0.035372
0.012622
0.00070659
0.039179
0.0143
0.0069541
0.0077596
0.0054784
0.02876
0.015709
0.0023628
0.00045907
0.013125
0.024702
0.01479
0.024648
0.027932
0.050879
0.044373
0.01191
0.068811
0.00051439
0.048434
0.045674
0.0041099
0.0052246
0.020197
0.067081
0.17786
0.019123
0.0025719
0.014339
0.063313
0.0022431
0.0056634
0.014057
0.010124
0.010412
0.0065694
0.0060457
0.03952
0.0023182
0.038699
0.016492
0.032752
0.028246
0.17527
0.00049961
0.010695
0.013419
0.010549
0.021953
0.022331
3.7136e-05
0.012918
0.0034321
0.0053627
0.0024327
0.028208
0.026965
0.0041213
0.040816
0.0017615
0.043727
0.0002681
0.0039934
0.05208
0.0014559
0.00046523
0.0088716
0.017304
0.014662
0.0045104
0.029655
0.11663
0.00031317
7.6382e-06
0.0027451
3.2231e-05
0.012222
0.053837
0.013407
0.0035276
0.0052664
0.0011534
0.0031838
0.0069747
0.027954
0.02199
0.0017286
0.018185
0.071794
0.0012716
0.015022
0.043236
0.21288
0.0058679
0.019351
0.018881
0.014677
0.010878
0.025305
0.012683
0.19256
0.043366
0.024967
0.0034855
0.0082404
0.0045225
0.0022644
0.0014727
0.056949
0.0057274
0.0032982
0.0044989
0.0073801
0.10328
0.038943
0.022477
0.0061592
0.035363
0.073556
7.6134e-05
0.037015
6.1708e-05
0.0072017
0.03114
0.010796
0.00423
0.029676
0.057932
0.0094466
0.035139
0.024144
0.00012106
0.024426
0.00032826
0.016539
0.16619
0.024343
0.046855
1.4122e-05
0.014174
0.0096281
0.029383
0.0010375
0.062004
0.0019309
0.015509
0.00058277
0.010354
0.0011972
0.020644
0.017215
0.0076291
0.0006804
0.052426
0.098976
0.017157
0.0077069
0.00058994
0.02594
0.0096354
0.0027015
0.022764
0.065053
0.014657
0.11575
0.0052108
0.058967
0.03818
0.010261
0.0066435
0.019063
0.0073345
0.0015588
0.0045036
0.017704
0.0085774
0.030914
0.0038791
0.02141
0.07266
0.025096
0.025276
0.12626
0.042436
0.0013393
0.0057659
0.0014041
0.028388
0.00086541
0.036691
0.00018287
0.016298
0.033598
0.0020202
0.020049
0.011549
0.0034141
0.001792
0.017596
0.064495
0.029025
0.0025019
0.00041478
0.0087148
0.00040371
0.0076527
3.8656e-05
0.0030967
0.040636
0.010849
0.0062415
0.0012237
0.0075526
2.4073e-07
0.053494
0.025981
0.012756
0.053379
0.033801
0.041482
0.0053049
0.022906
0.0025279
0.0095954
0.033459
0.004901
0.092348
0.0085498
1.5215e-05
0.019856
0.0090851
0.00050985
0.029675
0.0017817
0.04263
0.0010735
0.027425
0.0015111
0.0022271
0.040001
8.7728e-05
0.030421
0.0027639
0.0021539
0.011718
0.00063322
0.062789
0.051654
0.0013776
0.13676
0.003856
0.0020501
0.057431
0.012172
0.021074
0.0028577
0.02682
0.0019168
0.04304
0.0012996
0.00052249
0.039649
0.091246
0.0094961
0.17042
0.0018499
0.00071449
0.0044184
0.031738
0.0079372
0.00039541
0.00087094
0.0073422
0.0024937
0.0017213
0.0090292
0.31969
0.030725
0.015224
0.015301
0.0011361
0.078801
0.021693
0.042251
0.031389
0.003868
0.026513
0.03253
0.050641
0.034868
0.0020346
0.018727
0.0054887
0.00042484
0.015551
0.0073787
0.00014457
0.019728
0.0055193
0.023904
0.00099567
0.025761
0.025779
0.00073147
0.011961
0.036954
0.12127
0.043616
0.025086
0.00020322
0.0026625
0.0052702
0.0016481
0.015894
0.004458
0.012533
0.0019821
0.014905
0.0013532
0.17391
8.0294e-06
0.027911
0.10925
0.047573
0.012618
0.00095514
0.027018
0.0026533
0.043578
0.0037865
0.031313
0.071055
0.0014587
0.0049066
0.00022894
5.2487e-05
0.010066
0.00074435
0.012768
0.00094451
0.12499
0.053623
0.0035716
0.01783
0.017653
0.0074926
0.12492
0.018061
0.086142
0.0048261
0.010687
0.073991
0.016815
0.015327
0.0056676
0.035215
0.071425
0.013232
0.0038479
0.0070806
0.00080847
0.030538
0.034962
0.032737
0.0021656
0.0044918
0.0010915
0.0042751
0.0056162
0.014778
0.0089256
2.838e-05
0.00023523
0.021952
0.046798
0.016128
0.0092533
0.11469
0.0012556
0.0008845
0.011755
0.036613
0.0040162
0.0045608
0.0136
0.043537
0.0024558
0.00095955
0.049908
0.00038816
0.38209
0.014823
0.16223
0.032913
0.0043758
0.004705
0.029056
0.022836
0.065894
0.099574
0.0031618
0.022986
0.010624
0.00027959
0.0053903
0.012949
0.0059612
0.0054853
0.033516
0.0022603
0.01149
0.015101
0.0043244
0.0092219
0.030264
0.074466
0.0079418
0.0052427
0.007981
0.010109
0.012975
0.023081
0.015281
0.0030432
6.8242e-06
0.029068
0.0024996
0.051982
0.1066
0.013969
0.0089185
0.033413
0.049344
0.0051637
0.020545
0.011134
0.0046908
0.0077215
0.011335
0.0028069
0.0049428
0.023469
0.0017872
0.0056237
0.0080151
0.13565
0.0017087
0.058159
0.0016529
0.021895
0.015374
0.002467
0.050149
0.0072784
0.00047586
0.0063564
0.093521
0.0045962
0.030008
0.0047908
0.01984
0.0097656
0.034661
0.00075015
0.019067
0.072567
0.11291
0.0066582
0.00041348
0.023429
0.0034696
0.026438
0.054902
0.01097
0.018072
8.7432e-05
0.02614
0.007826
0.0085968
0.0070183
0.0089989
0.027401
0.047632
0.0037465
0.10165
0.0023202
0.016805
0.0018224
0.0001348
0.015794
0.088325
0.0025965
0.0065568
0.01121
0.0087367
0.024426
0.003426
0.021966
0.0010267
0.022221
0.0024248
0.0022622
0.091344
0.01706
0.00017542
0.016297
0.022491
0.0063587
0.0013819
0.0025723
0.0099105
0.0035483
0.0035925
0.01448
0.0014967
0.011882
0.00031149
0.0023915
0.05241
0.032473
0.053912
0.010092
0.086179
0.013185
6.4693e-05
0.0050234
0.0011962
0.011801
0.02657
0.041117
0.00020489
0.0032265
0.00029258
0.0053259
0.040556
0.026343
0.085068
0.09704
0.027433
0.043563
0.0051636
0.00078658
0.02071
0.063106
0.0024818
0.013192
0.0048855
0.0050002
0.015858
0.0056667
0.0064509
0.010478
0.039617
0.011069
0.0033996
0.015957
0.0036436
0.0049089
0.00024796
0.024548
0.021495
0.018105
0.12063
0.0064471
0.0088304
0.019663
0.015857
0.013522
0.023933
0.034151
0.057523
0.052157
0.00032582
0.011983
0.0034021
0.024261
0.18143
0.0070261
0.020271
0.0059775
0.0015653
0.062648
0.0079706
0.0081857
0.010625
0.013933
0.0001646
0.04125
0.0090586
0.0066718
0.11411
0.0061763
0.0016891
0.017551
0.014908
0.069599
0.0082226
0.0011853
0.036991
0.065321
0.040211
0.0054227
0.0037602
0.0065272
0.013204
0.02394
0.006201
0.0089555
0.0055399
0.054746
0.0052487
0.0050754
0.00048097
0.0018423
0.04205
0.00030212
0.038183
0.035322
0.17616
0.025254
0.027992
0.0080376
0.017455
0.040493
0.017708
0.046995
0.0017845
0.048128
0.0050964
0.0033608
0.14778
0.049976
0.11332
0.0021913
0.094092
0.0054697
0.013855
0.0022949
0.020204
0.12216
0.035186
0.0042775
0.0094769
0.0012132
0.0036126
0.061941
0.00013216
0.0036154
0.15135
0.005108
0.012323
0.10765
0.058013
0.073706
0.0072878
0.033056
0.050036
0.01026
0.00047915
0.0069837
0.0048175
0.032925
0.037001
0.10435
0.0055503
0.011282
0.012308
0.0013279
0.00017309
0.0031532
0.031306
0.0051866
0.0031613
0.0080469
0.0019501
0.00051443
0.0063215
0.13601
0.040871
0.11963
0.00043273
0.012374
0.002448
0.013811
0.011898
0.015597
0.00091774
0.0011492
0.0064596
0.026092
0.026154
0.031457
0.0044424
0.0028431
0.0019464
0.0022366
0.030416
0.002341
0.0065685
0.033327
0.018524
0.01401
0.011595
0.0098202
0.021261
0.026179
0.0044633
0.0004417
0.007761
0.0077994
0.003615
0.019133
0.014007
0.011184
0.00049523
0.014144
0.0063256
0.013674
0.0092814
0.099965
0.0023095
0.005319
0.038065
0.1488
0.0030795
0.0087434
0.0058171
0.0064097
0.003716
0.00097471
0.0054775
0.056021
0.0042076
0.014343
0.0062159
0.0059755
0.0051285
0.084621
0.034397
0.044074
0.00049708
0.010918
0.0052672
0.0054237
0.071241
0.034235
0.026936
0.00065506
0.033663
0.031059
0.0051859
0.0059876
0.0044595
0.0017062
0.0038803
0.13476
0.0081358
0.00057706
0.066554
0.00925
0.00047412
0.038212
0.010471
0.054198
0.0033908
0.023912
0.040352
7.7221e-05
0.0042301
0.0018955
0.0049963
0.0048306
0.01023
0.040049
0.011955
0.0090528
0.0018513
0.037645
0.010365
0.0022072
0.020464
0.0095243
0.0041169
0.037704
0.006131
0.45412
0.011011
0.0086548
0.18622
0.00090889
0.0017699
0.0028319
0.0025752
0.019061
0.047524
0.020688
0.0060902
0.0004628
0.065857
0.0036139
0.087262
0.0032072
0.013453
0.096117
0.0016273
0.04476
0.057804
0.028318
0.023938
0.0073469
0.0051535
4.0074e-05
1.6974e-05
0.0031991
0.027927
0.00026192
0.016505
0.035481
0.0065869
0.14785
0.09781
0.041636
0.038042
0.0040703
0.01459
0.0015728
0.017915
0.0016989
0.0033976
0.0081316
0.045653
0.010318
0.013497
0.018633
0.065896
0.029762
0.022036
0.018953
0.048974
0.023718
0.027253
0.0019899
0.021512
0.0011808
0.02872
0.0028265
0.0072409
0.13856
0.0045147
0.145
0.0049781
0.0010997
0.015233
0.0065166
0.0080523
0.033901
0.002643
0.026573
0.00053998
0.025467
0.0099991
0.022222
0.032536
0.0096272
0.060322
0.051299
0.065396
0.024266
0.0021209
0.010994
0.0012589
7.6705e-05
0.022829
0.035033
0.010784
0.020629
0.0013605
0.029658
0.0016006
0.0081704
0.0040691
0.021394
0.17176
0.039412
0.011276
0.12423
0.0094315
0.027803
0.0046507
0.0010533
0.12338
0.021585
0.01586
0.071962
0.072294
0.076024
0.00081158
0.00014645
0.017811
0.024013
0.0092998
0.0025
0.0023817
0.0013052
0.0023882
0.19146
0.00058755
0.13857
0.11521
0.0042641
0.0099103
0.010503
0.011516
0.080022
0.033531
0.057167
3.0649e-05
0.077089
0.083775
0.0056019
0.02135
0.053684
0.0063349
0.0034404
0.0022534
0.028606
0.015104
0.017106
0.007277
0.0029354
0.00037465
0.052848
0.030176
0.018722
1.5307e-05
0.021606
0.00082115
0.032511
0.034976
2.5258e-05
0.00028619
0.0063013
0.011427
0.020228
0.0029692
0.0026487
0.116
0.089501
0.023116
0.0023561
0.0065519
6.411e-05
0.046167
0.0069912
0.024471
0.069507
0.0011143
0.0078845
0.025009
0.044056
0.021696
0.07892
0.0058385
0.031614
0.0031909
0.025414
0.01602
0.086831
0.11302
0.04046
0.028392
0.079664
0.022235
0.09163
0.062665
0.076311
0.00076164
0.02418
0.0078464
0.018771
0.00028232
0.003532
0.00097773
0.0075951
0.0048245
0.017824
0.034496
0.052906
0.043156
0.00039826
0.10796
0.0010773
0.010602
0.0021994
0.014323
0.021147
0.0032074
0.020067
0.0091686
0.0009567
0.001657
0.031647
0.015008
0.0018467
0.047432
0.0031902
0.0011187
0.011521
0.0086382
0.0014804
5.4559e-05
0.0025351
0.020814
0.011531
0.030239
0.011162
0.072668
0.08678
0.0064019
0.0069837
0.071235
0.0072304
0.0096506
0.0014133
0.0061636
0.02831
0.060655
0.083434
0.0068203
0.0045775
0.02794
0.015825
0.01964
0.0709
0.077526
0.055954
0.0051428
0.035134
0.032538
0.17547
0.0038847
0.0089942
0.0093536
0.0035352
0.0019127
0.017669
0.051622
0.038841
0.0040475
0.0053718
0.083897
0.018298
0.012041
0.0028522
0.048595
0.012321
0.076331
0.0025886
0.017646
0.032689
0.071684
0.072471
0.00050832
0.037344
0.00024109
0.021707
0.00021448
0.021425
0.081471
0.007131
0.009208
0.00073885
0.037916
0.0025837
0.021052
0.00012743
0.0017232
0.0042554
0.035742
0.14596
0.036494
0.0099922
0.060049
0.0014458
0.00068799
0.022215
0.013155
0.23491
0.024263
0.012337
0.029403
0.0049993
0.00068418
0.0086292
0.029038
0.00049766
0.080935
0.0066774
0.00031044
0.010866
0.00024011
0.028266
0.010398
0.0006841
0.035775
0.0018764
0.050989
0.014884
0.0011354
0.0044433
0.011763
0.0072278
0.073076
0.031986
0.12133
0.0015575
0.14787
0.0094164
0.056333
0.0079833
0.0068096
0.0034286
0.024356
0.00062459
0.0026899
0.062765
0.027266
0.00072654
0.059138
0.0025427
0.062297
0.0029797
0.0055881
0.0028738
0.00046236
0.042286
0.13238
0.0017626
0.012945
0.059983
0.067697
0.057786
0.044076
0.00012509
0.026744
0.0075907
0.0014693
0.03155
0.0038833
0.017173
0.024292
0.0058293
0.017775
0.056438
8.7849e-05
0.010783
0.011258
0.022973
0.03858
0.0013105
0.028739
0.0098992
0.009374
0.00018959
0.028543
0.028987
0.02435
0.0091412
0.01873
0.031423
0.005189
0.029506
0.00020286
0.011736
0.015473
0.0087326
0.0071121
0.002222
0.0010609
0.045784
0.067643
0.024055
0.0073038
0.018691
0.0005278
0.085943
1.4347e-05
0.0054476
0.0069755
0.048577
0.11588
0.0085546
0.11434
0.0042621
0.035874
0.030242
0.00022515
0.041328
0.002379
0.10126
0.024429
0.00016184
0.02884
0.055651
0.007303
0.0060824
0.0011473
0.00084835
0.088905
0.0031569
0.0013689
0.012511
0.074522
0.066967
0.038084
0.002769
0.016749
0.0018721
0.048557
0.0037487
0.048095
0.0016848
0.009622
0.00020528
0.074307
0.00044409
0.020127
0.079237
0.00017008
0.0059588
0.015908
0.0076811
0.021103
0.03533
0.10378
0.047264
0.019079
0.0011145
0.014688
0.0063152
0.018052
0.0017047
0.0030135
0.054537
0.066136
0.0056383
0.018768
0.060284
0.0067577
0.0068295
0.00067916
0.0073454
0.012331
0.0083943
6.7834e-05
0.010769
0.020973
6.3704e-05
2.1598e-05
0.00086281
0.0035503
0.005511
0.0037384
0.014991
0.01725
0.03529
0.0010496
0.00036593
0.00030458
0.060765
0.085236
0.044971
0.010377
0.077539
0.16713
0.066553
0.007301
0.086639
0.0057029
0.0084287
0.075211
0.031968
0.020773
0.054198
0.0035995
0.01443
0.13953
0.0050374
0.0010602
0.050599
0.0021526
0.030528
0.12395
0.010237
0.00043413
0.0029511
0.016913
0.0041078
0.012531
0.014686
0.00036326
0.0083186
0.0026635
0.0041813
0.049997
0.0047376
0.017651
0.053899
0.0062183
0.011739
0.081111
0.010549
0.023924
0.0014287
0.17323
0.037692
0.0010633
0.035266
0.023634
0.021358
0.0023488
0.0086071
0.0021102
0.068996
0.039466
0.0065751
0.081182
0.0035192
0.0074392
0.0023792
0.045649
0.0036332
0.0032098
0.0010538
0.015385
0.040296
0.025018
0.023355
0.014639
0.019938
0.0067
0.0003961
0.026649
0.031573
0.0005773
0.00052081
0.024355
0.073785
0.0027174
0.05305
0.01356
0.014744
0.0073841
0.054116
0.00759
0.052664
0.057718
0.014692
0.02837
0.00034739
0.010855
0.014452
0.024483
0.013131
0.0027459
0.043902
0.12785
0.004332
0.007379
0.016341
0.00064381
0.012741
0.00062771
0.011768
0.00050705
0.0044601
0.0046924
0.20921
0.0098349
0.016386
0.0066188
0.0096973
0.035575
0.0093483
0.0013126
0.20524
0.054685
0.0028338
0.13246
0.049878
0.023386
0.00075884
0.0070748
0.14455
0.024218
0.039355
0.027882
0.11968
0.001812
0.0030561
0.0040268
0.0019454
0.0030506
0.056054
0.018294
0.11762
0.28137
0.18651
0.044115
0.047966
0.010906
0.016015
0.0077738
0.027715
0.0078088
0.008085
0.055739
0.072681
0.11126
0.044035
0.010521
0.0016378
0.024691
0.039638
0.080373
0.00033037
0.031552
0.0067063
0.037028
0.031945
0.0035091
0.046673
0.0019376
0.06558
8.0595e-05
0.0058465
0.026944
0.0012481
0.11409
0.0031266
0.00086257
0.0069187
0.0040367
0.013434
0.0031702
0.18543
0.039231
0.066651
0.044084
0.0003643
0.0015117
0.051265
0.0056265
0.10302
0.04851
0.040793
0.0060821
0.0014038
0.0014516
0.011906
0.0027174
0.027972
0.00015982
2.748e-05
0.069803
0.022554
0.028689
0.035587
0.0029988
0.019698
0.047128
0.044695
0.00089766
0.00033232
0.010818
0.13748
0.015989
0.055587
0.00027993
0.028475
0.00089403
0.0008748
0.0028244
0.00071129
0.14219
0.00021973
0.074438
0.026836
0.012194
0.0001379
0.0087203
0.028048
0.053521
0.046858
0.028631
0.01511
0.017499
0.015626
0.0070671
0.014366
0.15848
0.10824
0.017307
8.2578e-05
0.009729
0.00067055
0.02305
0.026274
0.0010852
0.0027519
0.0176
0.0010403
0.0156
0.0133
0.015645
0.0139
0.004672
0.064924
0.0037361
0.053255
0.011786
0.029701
0.0078501
0.033872
0.00025289
0.081743
0.041074
0.0067438
0.026182
0.05129
0.040035
0.0002408
0.025653
0.032549
0.005643
0.21289
0.0729
0.024388
0.034395
0.0046755
0.0045476
0.0014753
0.0090717
0.0086357
0.010228
0.0013692
0.014392
0.018361
0.0077192
0.024823
0.062741
0.019185
0.034659
0.0061471
0.0028018
0.015338
0.0068471
0.027486
0.012697
0.023905
0.0018699
0.0035147
0.049456
0.078423
0.010176
0.0034969
0.0017284
0.0040387
0.00097088
0.045158
0.037914
0.0010452
0.013535
0.040375
0.0039376
0.0010241
0.0023873
0.0016124
0.0099258
0.036565
0.010249
0.0016072
0.035675
0.0041343
0.0013138
0.013045
0.013613
0.00036173
0.006612
0.002233
0.017124
0.023298
0.018686
0.0040797
0.039304
0.012102
0.055991
0.050573
0.0003199
0.0065293
0.014832
0.0043563
0.010283
0.00587
0.0027711
0.0069469
0.011523
0.012329
0.05946
0.00062409
0.015184
0.01552
0.11542
0.011136
0.00018629
0.027895
0.0035091
0.057243
0.002951
0.003026
0.0098121
0.043798
0.00048097
0.036784
0.13396
0.0075008
0.0073032
0.01317
0.0076856
0.0039715
0.016696
0.0076399
0.015597
0.055662
0.020872
0.0095655
0.054093
0.071224
0.026383
0.0051714
0.0138
0.011658
0.084872
0.075337
0.021863
0.022016
5.2966e-05
0.0033263
0.0060467
0.0010332
0.011069
0.018874
0.0010213
0.031424
0.044911
0.0056882
0.030189
0.046312
0.027756
0.025444
0.19558
0.033726
0.0053582
7.0196e-05
0.030125
0.0069089
0.00012954
0.011996
0.025215
0.0076581
0.0097036
0.053325
0.0093437
0.048293
0.029834
0.010323
0.0021078
0.0040902
0.011583
0.00088991
0.00028949
0.013514
0.026577
0.00051926
0.011796
0.0011075
0.035997
0.058025
0.054914
0.0084931
0.013301
0.019031
0.0032621
0.013879
0.0043999
0.00048715
0.001984
0.10148
0.00016825
0.00096641
0.0062841
0.16321
9.5411e-05
0.01821
0.017248
0.011143
0.0093674
0.0002228
0.0014211
0.012765
0.0011009
0.017909
0.092278
0.024593
0.023405
0.01357
0.012193
0.0043819
0.019529
0.00037173
0.028702
0.0034647
0.00070838
0.0081064
0.00073823
0.086189
0.0091635
0.23366
0.047327
0.016736
0.033059
0.010041
0.024198
0.0043344
0.0080154
0.032283
0.081055
0.22639
0.04001
0.012043
0.006998
0.055377
0.052414
0.023957
0.068233
0.016652
0.027135
0.0065405
0.035012
0.0058159
0.039234
0.065325
0.00060426
0.009104
0.016093
0.059357
0.0093226
0.059072
0.032708
0.050903
0.02269
0.021155
0.00049476
0.00096191
0.0025384
0.074862
0.015959
0.017444
0.016388
0.0001158
0.032456
0.060007
0.0023497
0.096304
0.00021456
0.0023198
0.00020964
0.0030254
0.007274
3.3793e-05
0.0089349
0.011817
0.030506
0.038803
0.011969
0.0042782
4.0182e-05
0.022139
0.034951
0.02125
0.066585
0.0065085
0.01873
0.00097424
0.015548
0.00093042
0.034357
0.0024076
0.0013781
0.015514
0.0079506
0.066545
0.030812
0.0077753
0.010679
0.00065181
0.0055524
0.011638
0.0064077
0.068913
0.10042
0.0033285
0.023086
0.07951
0.00055174
0.087966
0.078618
0.0085145
0.0148
0.11855
0.091809
0.032368
0.054034
0.0065488
0.01278
0.059513
0.015019
0.00079304
0.0088079
0.0038017
7.4072e-05
0.007974
0.011472
0.010199
0.0073401
0.0030553
0.007535
0.0039925
0.015032
0.0060469
0.042322
0.0011191
0.030674
0.020356
0.024988
0.00015716
0.039439
0.064004
0.0047148
0.064742
0.038223
0.007314
0.0043075
0.00093356
0.0074652
0.0013169
0.0051951
0.0026362
0.0099846
0.21098
0.038353
0.014828
0.009102
0.018238
0.0060368
0.0080656
0.0030132
0.042727
0.011475
0.018411
9.5773e-05
0.00042224
0.00090555
0.014552
0.0033293
0.00070458
0.019083
0.057408
0.010479
0.021592
0.0015122
0.040524
0.036698
0.010249
0.06988
0.032074
0.0064155
0.059142
0.0073041
0.0009434
0.012068
0.02402
0.0031011
0.00025772
0.0060663
0.012332
0.014859
0.040496
0.014574
0.012194
0.0013362
0.0041409
0.0068709
0.06738
0.058908
0.0084374
0.013551
0.0096186
0.10358
0.0082998
0.0065917
0.012501
0.045664
0.0032672
0.0024724
0.026186
0.011266
0.032443
0.03937
0.0021913
0.079396
0.03882
0.00011058
0.008456
0.0081553
0.00029541
0.063152
0.0010884
0.00092182
0.035874
0.044288
0.006059
0.04162
0.057324
0.019677
0.017069
0.067364
0.0049815
0.0095594
4.8039e-05
0.036072
0.0005974
0.0054988
0.0035076
0.018711
0.012864
0.06083
0.001021
0.014463
0.0054115
0.0038586
0.026782
0.0077783
0.019288
0.0024319
0.075377
1.8868e-05
0.0028144
0.18377
0.00095378
0.0012926
0.0046156
0.0010051
0.013339
0.019213
0.070483
4.8595e-06
0.0012113
0.47045
0.0050846
0.0057974
0.016459
0.012782
0.01802
0.014073
0.1196
0.015623
0.060995
0.098001
0.0091878
0.0071708
0.0036127
0.030031
0.0039049
0.0042195
0.011444
0.00090514
0.0027471
0.011866
0.0031145
0.0054451
9.0346e-05
0.057157
0.0012184
0.0087302
0.056183
0.00013953
0.0016602
0.082205
0.027595
0.016598
0.0066611
0.00059618
0.016248
0.0042629
0.00013587
0.015017
0.0063896
0.00079693
0.0011867
0.049857
0.03802
0.0068514
0.0028346
0.031289
0.019368
0.021594
0.013836
0.043491
0.00346
0.063959
0.00093686
0.070932
0.0027046
0.0015234
0.014139
0.007373
0.020513
0.0031658
0.0079297
0.0071613
0.0016093
0.013803
0.0010342
0.011928
0.0067888
0.0089501
0.0040147
0.0095645
0.0026471
0.014392
0.00067598
0.068809
1.2497e-06
0.0038736
0.0090974
0.04983
0.0016976
0.0039289
0.016109
0.028137
0.023908
0.0082109
0.0048317
0.0012964
0.036366
0.011305
0.015637
0.032215
0.0031994
0.0025026
0.018186
0.0236
0.012551
0.027548
0.046215
0.017532
0.026802
0.031774
0.0061688
0.00023835
0.040505
0.00070327
0.0086963
0.039225
0.0044452
0.0058952
0.022372
0.010635
0.12322
0.12823
0.0023777
0.060277
0.0048464
0.0028347
0.0025106
0.0043135
0.00032569
0.025512
8.6363e-06
0.0092545
0.0057618
0.00033625
0.034298
7.1001e-05
0.043532
0.00037524
0.00023806
0.042652
0.088006
0.0287
0.0095956
0.0028314
0.0074267
0.02378
0.015141
0.0016155
0.0066828
0.028207
0.01095
0.00096083
0.042794
0.0019908
0.04146
0.064243
0.11234
0.16698
0.00015935
0.00096551
0.091821
0.0053557
9.9249e-05
0.034936
0.069987
0.020171
0.0037425
0.0074824
0.014111
0.00066585
0.22969
0.011152
0.049419
0.011403
0.0087164
0.0061795
0.036987
0.02167
0.022757
0.0070479
0.0078671
0.0048699
0.044396
0.0058759
0.0029653
0.017508
0.017475
0.0047586
0.032485
0.0003052
0.051673
0.011087
0.099754
0.024122
0.023264
0.00031006
0.036922
0.012134
0.014487
0.0019774
0.1399
0.0025678
0.0098111
0.095662
0.01098
0.014433
0.012035
0.0056508
0.011369
0.003544
0.00034972
0.0023628
0.014885
0.067144
0.0004467
0.018717
0.0031695
0.0022803
0.0022722
0.0077039
0.022976
0.0033992
0.012777
0.010902
0.012593
0.0157
0.042455
0.027325
0.0011028
0.0011551
0.012122
0.0073403
0.0041108
0.050547
0.0081611
0.038968
0.081527
0.081157
0.00038634
0.010697
0.048042
0.0060449
0.0081345
0.024129
0.0053013
0.017422
0.035048
0.032067
0.018151
0.10927
0.021133
0.0093508
0.0090961
0.079309
0.008202
0.012808
0.0055915
0.0026148
0.039839
0.00020269
0.010052
0.00064663
0.006073
0.047254
0.089714
0.14725
0.038735
0.010367
0.048629
0.0756
0.0092389
7.2291e-05
0.045156
0.046538
0.044982
0.072735
0.0040935
0.014397
0.01115
0.0073792
0.0010304
0.055639
0.0263
0.082188
0.049651
0.078604
0.040734
0.0029645
0.00084407
0.010782
0.0015863
0.033711
0.015437
0.019455
0.0046558
0.00034493
0.035291
0.0032971
0.010712
0.0031449
0.0010597
0.032512
0.00038796
0.11892
0.0089755
0.00093452
0.04428
0.015626
0.022808
0.0087403
0.001873
0.017785
0.0068377
0.00017571
0.0018481
0.0021073
0.00025308
0.041098
0.0053494
0.0036868
0.0019998
0.0050562
0.022531
0.10769
0.056171
0.026987
0.0016879
0.00079937
0.014191
3.6024e-05
0.10888
0.0013609
0.01033
0.00010637
0.0011089
0.045487
0.0206
0.085214
0.014519
0.014691
0.022825
0.00064796
0.011881
0.0042943
0.0055137
0.0017931
0.029896
0.0029529
0.016538
0.086964
0.0011998
0.00012646
0.057187
0.011233
0.0032415
0.059516
0.10878
0.014691
0.053322
0.00013104
0.00038366
0.0004511
5.908e-05
0.0047346
0.0044901
0.019231
0.081025
0.014556
0.00972
0.0098373
0.0026111
0.0075078
0.0003215
0.0065206
0.001087
0.055404
0.0021047
9.335e-05
0.033363
0.00066661
0.0051838
0.0039332
0.0049271
0.0024115
0.010284
0.0032616
0.011454
0.00073195
0.055125
0.001469
0.042646
0.0030585
0.013676
0.0073478
0.019774
0.017097
0.003815
0.00025281
0.0010876
0.0072232
0.00015711
0.0064285
0.0027895
0.00083394
0.034022
0.062681
0.0018517
0.015673
0.0038851
0.00041585
0.025661
0.024142
0.0094455
0.0093292
0.0062338
0.0076738
0.045522
0.016076
0.019398
0.071835
0.032669
1.3262e-05
0.00070572
0.0025241
0.051837
0.0094195
0.088378
0.0051787
0.0019528
0.00068172
0.048743
0.02484
0.0027374
0.012238
0.0094666
0.0010954
3.7122e-05
0.13547
0.020763
0.010069
0.0034109
0.00014166
0.0046794
0.028126
0.00028592
0.00072461
0.013779
0.0037428
0.009104
1.4761e-05
0.017949
0.0010489
0.00089885
0.018177
0.0038743
0.00066759
0.00076621
0.071246
0.10948
0.0085569
0.17167
0.038401
0.13177
0.0024957
0.039697
0.00027796
0.0029326
0.0020516
0.015577
0.025294
0.005076
0.0013747
0.0011838
0.00085163
0.0016027
0.01234
0.012173
0.080237
0.013803
0.0077122
0.059483
0.021372
0.02918
0.0082667
0.015021
0.016251
0.088082
0.029696
0.031628
0.0043229
0.005681
0.056487
0.053482
0.073003
0.003695
0.0091867
0.0017506
0.06088
0.030074
0.088152
0.0057482
0.027665
0.004322
0.053177
0.010528
0.095267
0.062666
0.013166
0.0042842
0.00751
0.037311
0.0069216
0.0045754
0.023897
0.0022621
0.042065
0.032003
0.0077414
0.0012338
0.0020151
0.0079066
0.2484
0.00034357
0.0024918
0.01727
0.0011607
0.0052384
0.031864
0.043978
0.0013363
0.02283
0.022962
0.017214
0.0030724
0.044898
0.0048601
0.0061444
0.0019687
0.018705
0.058861
0.0013604
0.0042213
0.008459
0.0035603
0.0032826
0.0092289
0.0023333
0.0053517
0.01005
0.0049234
0.00025236
0.0066309
0.002007
0.040029
0.0033304
0.034743
0.016167
0.0025224
0.017228
0.096016
0.037946
0.098255
0.006272
0.030665
0.015954
0.043286
0.0010122
0.021601
0.037278
0.0024366
0.12378
0.10156
0.010276
0.00044867
0.0074799
0.0075158
0.0061276
0.0005658
0.035086
0.0010063
0.092578
0.0021315
0.11052
0.016255
0.0077436
0.038661
0.0024233
0.036346
0.042771
0.0070853
0.00037527
0.0056022
0.035742
0.00065701
0.018587
0.10731
0.033911
0.00073375
0.0012232
0.0081826
0.0090039
0.29223
0.054162
0.035782
0.0018758
0.018065
0.023599
0.029449
0.025662
0.015449
0.039419
0.0087446
0.0057156
0.0049327
0.020571
0.00023941
0.031685
0.0034008
0.017885
0.0015843
0.019181
0.0043602
0.021219
0.0011098
0.0033512
0.015078
0.017182
0.019111
0.014568
0.018579
0.075835
0.014738
0.007332
0.024848
0.01679
0.062778
0.012756
0.026079
0.14337
0.0010127
0.036452
0.0049849
0.047042
0.00011351
0.011496
0.00092236
0.0038994
0.011755
0.0073086
0.020925
0.010432
0.0024078
0.028081
0.026051
0.021017
0.001126
0.065858
0.037027
0.025045
0.020747
0.0038933
0.00098772
0.089924
0.072699
0.14914
0.039256
0.12042
0.013175
0.031731
0.00058738
0.0041561
0.012168
0.072949
0.010265
0.0054734
0.0072916
0.015974
0.059237
0.0020508
0.030973
0.011193
0.0022741
0.011164
0.025051
0.0013246
0.085662
0.003799
0.00080507
0.013424
0.013144
0.047175
0.00020053
0.0011221
0.012169
0.016762
0.054245
0.00052902
0.19862
0.040495
0.023059
0.091388
0.0494
0.0038315
0.012483
0.021847
0.032607
0.01414
0.040667
0.023042
0.029191
0.0018213
0.0046477
0.022231
0.0082648
0.026552
0.029191
0.029672
0.0051641
0.010713
0.073638
0.086821
0.029812
0.014758
0.026925
0.0051177
0.0002992
0.0028564
0.0063659
0.0032845
0.0034331
0.0080527
0.0028747
0.01773
0.0073742
0.03121
0.026306
0.13501
0.021085
0.050091
0.016477
0.047347
0.0018391
0.0036043
0.063607
0.0019811
0.033944
0.060586
0.0055673
0.00025731
0.0020868
0.0067758
0.022687
0.027672
0.015081
0.020845
0.0011016
0.19336
0.0046453
0.021848
0.024829
0.0059994
0.00057417
0.00090131
4.9566e-06
0.075739
0.053368
7.0727e-05
0.067175
0.0049171
0.00049265
0.050086
0.0010127
0.13396
0.021463
0.032401
5.4957e-05
0.0015556
0.0024531
0.00081234
0.0027328
0.0017158
0.023325
0.0035241
0.0055179
0.026411
0.021906
0.00071341
0.111
0.0046477
0.036695
0.001921
0.035239
0.063306
0.006898
0.061724
0.0023677
0.00078051
0.024113
0.027214
0.18818
0.011818
3.6265e-05
0.003633
0.024281
0.0075425
0.0027015
0.058986
0.0082982
0.0012037
0.0048206
0.031785
0.02146
0.009619
0.078843
0.016546
0.032507
0.012152
0.0022388
0.018755
0.010795
0.065326
0.00070813
0.036875
0.018454
0.0056394
0.0031812
0.043038
0.010822
1.008e-05
0.0043601
0.071684
0.097801
0.012045
0.014378
0.012259
0.044511
0.020033
0.0010617
0.003488
0.016147
0.00072829
0.065446
0.041434
0.00032526
0.06284
0.018036
0.026407
0.075626
0.039036
0.016102
0.026026
0.0044987
0.032213
0.00021822
0.024783
0.046921
0.0092122
0.0025288
0.014532
8.6432e-06
0.014952
0.024881
0.031328
0.00020789
0.034553
0.017519
0.034315
0.028492
0.016043
3.634e-06
0.00068595
0.0094159
0.0076848
0.0724
0.0083982
0.00083799
0.013463
0.017332
0.061485
0.0058757
2.2795e-05
0.0051368
0.015431
0.0057997
0.0079547
0.0034723
0.0062194
0.011448
0.00040353
0.0073724
0.0062794
0.0044855
0.0013388
0.018625
0.0042475
0.010549
0.019816
0.015063
0.0048786
0.033981
8.5146e-05
0.00010506
0.026377
0.021816
6.8734e-06
0.0025591
0.0024454
0.0064842
0.002142
0.014294
0.0018124
0.05422
0.011007
0.0041537
0.031119
0.010186
0.018444
0.0023177
0.0053373
6.3784e-05
0.00041515
0.0084118
0.071874
0.016332
0.041525
9.1961e-06
0.010688
0.0010013
0.0059948
0.013307
0.065045
0.00015673
0.0068781
0.046673
0.017334
0.0010379
0.0098852
0.0096915
0.014613
0.040982
0.030982
0.026838
0.010289
0.0090411
0.016249
0.00074788
0.024813
0.0059493
0.026453
0.030234
0.020223
0.0022415
0.0098889
0.0079074
0.033377
0.062423
0.0061039
7.8664e-05
0.062507
0.040227
0.17115
0.0016868
0.01253
0.013187
0.00071443
0.016123
0.0096725
0.004579
0.072448
0.011183
0.012254
0.0014139
0.0070665
0.057046
0.0073202
0.044874
0.01729
0.010167
0.0011364
0.0056755
0.0025851
0.054407
0.010486
0.00082203
0.05983
0.006415
0.071545
0.016496
0.0042348
0.063004
0.0021688
0.006314
0.00083926
0.0068223
0.016282
0.0060157
0.012137
0.065676
0.0063291
0.00029336
0.012782
0.0074596
0.0078566
0.034208
0.0054057
0.046549
0.0028504
0.036026
0.043838
0.0039169
0.03012
0.045177
0.0066943
0.030791
0.029307
0.0015974
0.017397
0.061442
0.039167
0.019848
0.0011457
0.0075647
0.029886
0.020204
0.00097194
0.00080929
0.014302
0.028626
0.0092797
0.041906
0.0013572
0.033262
0.044048
0.11966
0.023204
0.0092259
0.0019145
0.002272
0.1239
0.019217
0.012011
0.013317
0.099453
0.0069804
0.0083462
0.025434
0.015005
0.051438
0.025343
0.0031173
0.1069
0.028552
7.3593e-06
0.014359
0.047413
0.00098898
0.11225
0.057491
0.030778
0.0031534
0.00083631
0.034474
0.005269
0.002013
0.0003048
0.0011488
0.017645
0.0004138
0.014934
0.045229
0.024366
0.0050537
0.00044192
0.0003182
0.0075886
0.00030528
0.016961
0.10018
0.025935
0.11144
0.001287
0.015189
0.066073
0.05113
0.031916
0.034534
0.0012408
0.0030583
0.021296
0.018263
0.0077366
0.010049
0.02223
0.0014319
0.028995
0.00044305
0.017912
0.0050005
0.027932
0.11756
0.00037938
0.010098
0.0053285
0.0072977
0.0033436
7.2075e-05
0.0038715
0.0013924
2.2242e-05
0.003158
0.049028
0.02286
0.11621
0.0046948
0.00022387
0.0038391
0.0036602
0.042732
0.02044
0.0084726
0.013643
0.0017612
0.0020713
0.023068
0.01355
0.0052506
0.0077238
0.052042
0.13462
0.054678
0.034495
0.014236
0.010074
2.8054e-05
0.0041191
7.9122e-05
0.088457
0.006343
0.00021128
0.028504
0.00030068
0.00078878
0.039029
0.0037247
0.042682
0.061236
0.023964
0.020967
0.017294
0.026965
0.023982
0.0040964
0.00034254
0.068263
0.027436
0.007691
0.0018487
0.0026922
0.0091436
0.10567
0.0053792
0.0015186
0.080154
0.020024
0.029894
0.015186
0.024724
0.00016541
0.053279
0.035358
0.00089728
0.0068261
0.017348
0.020386
0.0060455
0.0037446
0.003777
0.00022843
0.095206
0.015679
0.17322
0.0044562
0.0027171
0.0088462
0.12611
0.1824
3.4112e-05
0.037846
0.0019348
0.02001
0.013573
0.059496
0.0027098
0.013997
0.025604
0.020207
0.012475
0.015267
0.0045839
0.0052198
0.18748
0.072479
0.013606
0.0027841
0.0020482
0.0065152
0.019711
0.00097249
0.030769
0.079742
0.0038838
0.0030035
0.00083612
0.0030029
0.00032265
0.010023
0.00021591
8.9898e-05
0.010612
0.0015749
0.00083978
0.00046986
0.013768
0.0031644
0.00039639
0.0021553
0.00047824
0.014358
0.0017585
3.9436e-05
0.019354
0.043502
0.0019377
0.0080155
0.00020191
0.012144
0.030446
0.0051326
0.00064691
0.006978
0.023198
0.012077
0.016738
0.070044
0.0078396
0.0010846
0.0093
0.025368
0.0008523
0.002457
0.0028188
0.0075926
0.0091443
0.025345
0.0095283
2.2292e-05
0.012427
0.0049544
0.012597
0.0034397
0.036278
0.031076
0.064014
0.0043335
0.0014159
0.0025578
0.0035219
0.061463
0.010666
0.0015551
0.0016023
0.018762
0.028258
0.05462
0.0047789
0.0092272
0.17645
0.016193
0.014805
0.0026487
0.0018227
0.0079237
0.05002
0.0077915
0.0039064
0.015437
0.036377
0.029026
1.7249e-05
0.01256
0.0018602
0.0074446
0.0020294
0.00024941
0.0059311
0.0066342
0.0060458
0.082328
0.00040205
0.00083134
0.0046868
0.024311
0.021392
0.073915
0.010712
0.0072555
0.0038835
0.46692
0.043706
0.013464
0.019941
0.0002781
0.00046026
0.00022927
0.03705
0.045845
0.0085815
0.0078055
0.0045893
0.024749
0.017638
0.021947
0.053547
0.068649
0.009476
0.02363
1.8832e-05
0.003969
0.0085686
0.004122
9.9626e-05
0.01552
0.00066348
0.00084857
0.0017366
0.093351
0.020139
0.02574
0.006587
0.051558
0.01903
0.0012832
0.030851
0.11507
4.9481e-07
0.0073793
0.031626
0.014858
0.0036983
0.0091139
0.01485
0.0074342
0.041496
0.0021897
0.0020083
0.012237
0.0032527
0.016938
0.0039187
0.04713
0.011198
0.005417
0.047462
0.081951
0.021927
0.014415
0.0031967
0.05311
0.00079745
0.034926
0.018704
0.015777
0.00012395
0.04226
0.001041
0.0093824
0.023289
0.00081759
0.0097562
0.013485
0.0022043
0.02002
0.00013502
0.0092119
0.002941
0.0050806
0.037266
0.0017465
0.0012733
0.099658
0.0070736
0.028125
0.0034355
0.012206
0.0024937
0.010508
0.0076435
0.034971
0.019776
0.02559
0.0014783
0.00011749
0.0067638
0.00091133
7.439e-05
0.0060332
0.0023722
0.016905
0.012479
0.081164
0.0022962
0.020783
0.0015142
2.2379e-05
0.012381
0.020365
0.087958
0.00065155
0.0044267
0.014865
0.00015472
0.0039629
0.0057408
0.010939
0.0011112
0.083669
0.013034
0.024253
0.039021
0.04782
0.00079855
0.077007
0.00022676
0.0045564
0.15854
0.2059
0.0014529
0.013252
0.0017124
0.034883
0.0022408
0.031064
2.4805e-06
0.00040489
0.0092741
0.00066705
0.0063862
0.0027329
0.0087546
0.039532
0.00074121
0.010935
1.1855e-06
0.018792
0.037118
0.003818
0.024027
0.056993
0.00095819
0.0047323
0.00038603
0.016122
