0.066436
0.030219
0.01079
0.16149
0.012974
0.17664
0.11607
0.3317
0.073704
0.03391
0.021309
0.053717
0.048671
0.05747
0.0067862
0.011059
0.044961
0.054376
0.082233
0.13268
0.037049
0.14034
0.14907
0.16522
0.018131
0.16328
0.080238
0.024638
0.0134
0.18512
0.047186
0.083144
0.13168
0.017409
0.043824
0.018692
0.084068
0.010064
0.15769
0.043937
0.037278
0.20057
0.018876
0.0044819
0.024544
0.057714
0.043753
0.077821
0.14159
0.095131
0.038289
0.064354
0.013507
0.031664
0.042378
0.074482
0.060769
0.095829
0.0028619
0.18142
0.067883
0.18112
0.014901
0.01183
0.11279
0.059691
0.038084
0.071663
0.17397
0.030792
0.021909
0.03264
0.031004
0.086323
0.033991
0.018105
0.011798
0.022025
0.061649
0.021467
0.099509
0.19358
0.0018333
0.061721
0.14102
0.077838
0.072137
0.048248
0.020768
0.10152
0.079691
0.15533
0.054011
0.020726
0.0099249
0.14509
0.11269
0.09166
0.055971
0.11454
0.077675
0.076091
0.026965
0.019165
0.025345
0.12036
0.21035
0.0032042
0.30953
0.054846
0.14279
0.051141
0.010692
0.063607
0.13281
0.077236
0.10117
0.0016496
0.010353
0.039049
0.09082
0.048212
0.022909
0.18063
0.027869
0.06381
0.14309
0.17624
0.010549
0.063589
0.011357
0.071821
0.04924
0.17731
0.022607
0.15118
0.15878
0.047388
0.0035159
0.068621
0.056672
0.021634
0.044903
0.061073
0.060582
0.084489
0.039396
0.15272
0.048377
0.0085009
0.084934
0.086982
0.045869
0.032284
0.039608
0.0073351
0.086192
0.06979
0.085251
0.10936
0.07273
0.0049506
0.12359
0.041822
0.1387
0.10406
0.020275
0.11054
0.078369
0.089227
0.011652
0.25005
0.039107
0.11096
0.029502
0.18583
0.0032959
0.072032
0.017115
0.096582
0.28913
0.04594
0.20379
0.04229
0.040704
0.022018
0.050101
0.060439
0.086117
0.097908
0.015146
0.11747
0.14769
0.047696
0.032425
0.079792
0.032427
0.083424
0.01727
0.035434
0.081244
0.18107
0.042771
0.010525
0.0050449
0.067387
0.008124
0.048038
0.0067785
0.49398
0.067145
0.042197
0.021247
0.0029879
0.015492
0.00031769
0.037044
0.13788
0.25048
0.0055971
0.16501
0.047916
0.023844
0.050836
0.060758
0.030101
0.099212
0.061086
0.013741
0.044345
0.0015795
0.0062653
0.0056136
0.047132
0.30184
0.090416
0.012926
0.13342
0.013755
0.035452
0.16188
0.0029409
0.11976
0.05041
0.27409
0.045592
0.066574
0.1241
0.0072619
0.019448
0.034671
0.092967
0.20451
0.19093
0.034147
0.050076
0.058754
0.047496
0.019333
0.020697
0.1601
0.056352
0.19131
0.013503
0.012334
0.011115
0.038279
0.030855
0.073206
0.022303
0.098267
0.15198
0.014199
0.0012696
0.036217
0.21282
0.017345
0.0083241
0.17785
0.0076813
0.011441
0.10796
0.072802
0.16496
0.0047092
0.13036
0.055164
0.068748
0.038592
0.049854
0.15077
0.057224
0.056456
0.067964
0.042382
0.17643
0.11616
0.079849
0.1116
0.14523
0.028957
0.097028
0.047086
0.16676
0.0057455
0.079358
0.038513
0.0037441
0.051582
0.24016
0.085632
0.17927
0.021468
0.072255
0.15015
0.029984
0.035361
0.098333
0.057472
0.026344
0.061189
0.011499
0.080452
0.0245
0.18746
0.30955
0.044708
0.014483
0.045462
0.0050157
0.084759
0.089396
0.026705
0.14124
0.00055422
0.10001
0.14043
0.02579
0.13362
0.020381
0.024008
0.17701
0.0020037
0.034011
0.096479
0.1007
0.055594
0.046463
0.1241
0.043825
0.067044
0.1518
0.13655
0.11567
0.094613
0.022242
0.087836
0.046589
0.039822
0.084925
0.00039363
0.029354
0.042098
0.081415
0.12343
0.11463
0.20023
0.02196
0.13063
0.12053
0.19378
0.021597
0.11668
0.11239
0.027713
0.02953
0.11195
0.072867
0.044479
0.057237
0.0046394
0.011057
0.02831
0.17387
0.089631
0.12816
0.16472
0.097932
0.0010003
0.06603
0.12022
0.02642
0.0026944
0.055862
0.0045341
0.0078903
0.054426
0.081858
0.03848
0.099352
0.084487
0.020329
0.10932
0.12466
0.012881
0.31002
0.018934
0.061873
0.073435
0.070037
0.091992
0.05975
0.092157
0.092586
0.017161
0.056845
0.040668
0.033923
0.122
0.070384
0.043511
0.075261
0.041565
0.28448
0.05406
0.05073
0.0065676
0.0063858
0.069667
0.094806
0.34466
0.082147
0.05631
0.17845
0.12975
0.037639
0.0073854
0.016582
0.084438
0.25196
0.11168
0.037611
0.050218
0.097799
0.079483
0.043311
0.016946
0.029008
0.14914
0.11359
0.11573
0.10391
0.011227
0.027068
0.054999
0.061948
0.24793
0.068402
0.10271
0.078847
0.13252
0.027313
0.089796
0.035963
0.035213
0.052765
0.046638
0.022781
0.0065752
0.0040256
0.29415
0.23169
0.0048811
0.077692
0.044873
0.045956
0.070557
0.052213
0.07823
0.016276
0.045686
0.15616
0.028946
0.1765
0.10111
0.16784
0.073251
0.036676
0.0059667
0.10595
0.090794
0.041217
0.030704
0.096144
0.12578
0.052398
0.098418
0.064425
0.22819
0.0065641
0.15671
0.053035
0.022027
0.087449
0.040494
0.18611
0.22861
0.18709
0.015134
0.0192
0.08916
0.028421
0.015361
0.19938
0.035138
0.017896
0.1649
0.17199
0.043163
0.037395
0.1901
0.0046706
0.15938
0.36594
0.039034
0.014994
0.064869
0.012786
0.018276
0.12939
0.15914
0.06369
0.0070552
0.036889
0.24463
0.00068261
0.046539
0.018672
0.089587
0.15981
0.20262
0.012323
0.18527
0.055765
0.13186
0.17393
0.18021
0.10467
0.044007
0.098435
0.11072
0.1193
0.089363
0.0062452
0.078904
0.23361
0.094975
0.015234
0.060518
0.054649
0.1165
0.0079261
0.13409
0.096521
0.37034
0.066499
0.075612
0.00099063
0.1024
0.11936
0.17126
0.14586
0.0073651
0.019273
0.013109
0.013992
0.11338
0.032376
0.093243
0.02345
0.017231
0.020993
0.041566
0.14375
0.0081406
0.06871
0.151
0.18802
0.046738
0.14627
0.15526
0.076438
0.00062159
0.082153
0.0095136
0.061126
0.10202
0.10472
0.13655
0.048061
0.12339
0.16874
0.093136
0.11126
0.042113
0.059791
0.0074146
0.067229
0.041439
0.18559
0.25674
0.14846
0.14164
0.060114
0.07084
0.022372
0.044223
0.11494
0.011396
0.008561
0.037356
0.074834
0.0060421
0.041353
0.015487
0.12919
0.0090131
0.1353
0.14966
0.09892
0.083061
0.17581
0.124
0.087308
0.023202
0.0095247
0.081984
0.074899
0.13689
0.015487
0.1169
0.49495
0.0041859
0.0026984
0.020974
0.12662
0.14115
0.10357
0.040826
0.0058971
0.063647
0.097528
0.30413
0.16552
0.013377
0.14246
0.03082
0.0371
0.11852
0.07578
0.020872
0.023043
0.022125
0.055071
0.104
0.042877
0.047459
0.081416
0.13593
0.053128
0.13858
0.0097559
0.030891
0.0069282
0.052717
0.099346
0.11148
0.090536
0.079199
0.00070231
0.1394
0.016943
0.099598
0.0090077
0.060796
0.0016442
0.17667
0.042387
0.22993
0.094648
0.058706
0.13281
0.041731
0.055825
0.021715
0.14491
0.083493
0.14284
0.058237
0.061085
0.016125
0.051822
0.018464
0.024988
0.22878
0.16489
0.095547
0.050145
0.15479
0.04214
0.035533
0.080195
0.10145
0.011337
0.077376
0.033868
0.087823
0.01929
0.17526
0.084218
0.056389
0.14939
0.0037776
0.071241
0.0032032
0.038269
0.062537
0.10547
0.12918
0.044257
0.13658
0.072466
0.038138
0.030869
0.064577
0.099223
0.19389
0.053727
0.048615
0.019341
0.041804
0.055442
0.050504
0.063643
0.10023
0.017266
0.06062
0.037491
0.043273
0.14731
0.10628
0.086738
0.20688
0.028663
0.021117
0.0024792
0.16826
0.031049
0.14738
0.089633
0.070484
0.25526
0.040474
0.056378
0.083382
0.32967
0.032312
0.082311
0.0020763
0.018544
0.066445
0.046387
0.0031936
0.006815
0.051059
0.008507
0.024279
0.002433
0.06939
0.12665
0.011496
0.0029584
0.014793
0.21534
0.12041
0.017131
0.087921
0.011402
0.14926
0.0049564
0.11134
0.20795
0.043647
0.0096974
0.017301
0.0078404
0.070823
0.047746
0.035339
0.13713
0.013936
0.071491
0.020034
0.12721
0.0014698
0.014193
0.017806
0.071767
0.19238
0.041507
0.0011097
0.066433
0.13697
0.011542
0.13483
0.4209
0.013756
0.0029154
0.028552
0.028653
0.049428
0.0426
0.16383
0.032233
0.017632
0.021471
0.16754
0.0087328
0.079923
0.087637
0.0046767
0.17406
0.025063
0.077265
0.1756
0.0023496
0.033544
0.0173
0.0040765
0.03898
0.2488
0.05714
0.12702
0.041052
0.076751
0.038763
0.015466
0.025326
0.077308
0.032302
0.20953
0.019715
0.028158
0.23457
0.056254
0.0074985
0.10646
0.008182
0.13985
0.1117
0.016591
0.02205
0.030959
0.015392
0.15049
0.13576
0.12066
0.051886
0.012461
0.044407
0.08738
0.032565
0.18618
0.096255
0.043779
0.13102
0.11758
0.011084
0.012414
0.12634
0.092789
0.082459
0.12955
0.12844
0.022152
0.033654
0.050855
0.040193
0.10258
0.090401
0.014812
0.2021
0.085136
0.0060827
0.15018
0.024785
0.19434
0.0055364
0.036288
0.16561
0.072722
0.046709
0.038887
0.10062
0.026535
0.077638
0.023038
0.026251
0.0059358
0.16918
0.088802
0.4831
0.056815
0.0034955
0.25954
0.056519
0.069899
0.017468
0.028867
0.22412
0.023923
0.12727
0.043356
0.042915
0.015449
0.01425
0.13932
0.027034
0.01383
0.0053991
0.075844
0.17217
0.12159
0.08014
0.0078865
0.066029
0.076997
0.060316
0.17869
0.059839
0.023215
0.14081
0.092371
0.0017759
0.073464
0.035108
0.023152
0.041122
0.12918
0.27268
0.12201
0.049508
0.090786
0.12062
0.056591
0.041702
0.019437
0.040921
0.071765
0.060887
0.33366
0.066439
0.13622
0.061187
0.018555
0.049817
0.22506
0.098076
0.20944
0.081996
0.14518
0.080346
0.12051
0.095269
0.025503
0.021266
0.00074854
0.012519
0.11898
0.11781
0.0060692
0.034734
0.17479
0.058146
0.13875
0.012654
0.011739
0.035628
0.2522
0.0045372
0.037205
0.17465
0.097528
0.023671
0.12265
0.25725
0.14942
0.082519
0.032131
0.17068
0.056624
0.1493
0.039514
0.05026
0.042376
0.019768
0.053262
0.16703
0.033403
0.018341
0.077205
0.60801
0.28399
0.10331
0.0060553
0.072616
0.14074
0.092046
0.13401
0.077562
0.035046
0.02745
0.1478
0.10634
0.0026729
0.030518
0.067952
0.14355
0.062868
0.042823
0.025029
0.12609
0.017893
0.112
0.0096705
0.0049885
0.056285
0.086034
0.12313
0.18311
0.13486
0.038781
0.024578
0.058592
0.10123
0.040168
0.016182
0.12185
0.021577
0.051016
0.055185
0.048477
0.088873
0.070763
0.0098148
0.013561
0.0080441
0.047569
0.12606
0.033612
0.080849
0.12834
0.070383
0.020135
0.10555
0.034957
0.12956
0.067194
0.17053
0.092975
0.028758
0.075787
0.066141
0.32019
0.13128
0.17981
0.036115
0.066722
0.03762
0.053902
0.14948
0.067665
0.00082959
0.076328
0.016286
0.21459
0.12848
0.030589
0.093701
0.068692
0.051658
0.023179
0.1093
0.039666
0.028946
0.11507
0.058108
0.011632
6.9951e-05
0.021621
0.13519
0.039505
0.087264
0.042914
0.02562
0.013937
0.19948
0.041934
0.070103
0.070278
0.077777
0.10798
0.05539
0.0024983
0.062972
0.0026807
0.22172
0.049128
0.012669
0.09332
0.198
0.04362
0.12447
0.094199
0.11006
0.039031
0.23087
0.064388
0.11669
0.074998
0.23821
0.0058805
0.062737
0.021211
0.16329
0.024356
0.0030487
0.17312
0.077268
0.054206
0.37113
0.0055986
0.063993
0.0019629
0.11073
0.078863
0.10243
0.29686
0.19075
0.076779
0.048085
0.10987
0.04402
0.010887
0.036607
0.055936
0.037392
0.024485
0.086718
0.049668
0.02423
0.14006
0.0087306
0.026945
0.0094054
0.041737
0.039667
0.080772
0.011668
0.10215
0.16474
0.087608
0.052851
0.12803
0.050655
0.094828
0.0038388
0.0821
0.066991
0.015674
0.084305
0.036531
0.052554
0.19349
0.092601
0.0574
0.034558
0.00049224
0.038472
0.023235
0.10357
0.12162
0.10912
0.053719
0.040517
0.16779
0.071655
0.0032081
0.036658
0.022
0.18239
0.059431
0.19441
0.066766
0.049948
0.014458
0.074183
0.017247
0.10356
0.21203
0.0088822
0.029976
0.032804
0.024379
0.24379
0.040338
0.05407
0.046607
0.045433
0.11791
0.017485
0.089022
0.065461
0.12695
0.10204
0.18806
0.025522
0.074418
0.03995
0.14247
0.077939
0.1418
0.081122
0.059198
0.04722
0.046758
0.020101
0.018474
0.055618
0.056052
0.030264
0.051287
0.0096043
0.0054313
0.043023
0.028019
0.068005
0.32293
0.052052
0.11636
0.12717
0.0049865
0.026067
0.10718
0.1638
0.00012073
0.035101
0.06113
0.19355
0.055144
0.049029
0.09024
0.079846
0.025553
0.02006
0.042767
0.094133
0.033522
0.072733
0.049893
0.037217
0.0322
0.036047
0.11812
0.0048861
0.059769
0.062393
0.059339
0.14081
0.15776
0.032811
0.014632
0.14315
0.065347
0.27969
0.17354
0.033202
0.0060714
0.062026
0.0044679
0.056705
0.021931
0.034581
0.0774
0.19318
0.037075
0.065318
0.14067
0.18887
0.023533
0.12925
0.1162
0.046318
0.038345
0.11482
0.064797
0.029922
0.27693
0.048408
0.049648
0.31599
0.063873
0.085189
0.082839
0.066498
0.075399
0.039428
0.030177
0.10877
0.031699
0.12294
0.066237
0.036212
0.12286
0.022874
0.19615
0.24447
0.00026011
0.031649
0.0055009
0.011436
0.0041033
0.16728
0.010192
0.052193
0.018274
0.025396
0.011409
0.018862
0.11385
0.13996
0.024074
0.0035727
0.0097414
0.12308
0.14001
0.061307
0.0093051
0.12467
0.034511
0.06426
0.020125
0.041536
0.06861
0.062219
0.0065552
0.0090133
0.042149
0.012271
0.087983
0.023139
0.081915
0.090487
0.019285
0.052908
0.079601
0.038027
0.12331
0.027438
0.10242
0.10926
0.053268
0.019265
0.068719
0.03948
0.12835
0.035836
0.093939
0.0013019
0.064206
0.082037
0.044781
0.011859
0.01897
0.032902
0.00074795
0.11454
0.0083839
0.010734
0.011139
0.097359
0.09027
0.054158
0.0077128
0.051604
0.033268
0.15995
0.042024
0.098104
0.15827
0.01288
0.034468
0.14339
0.022282
0.074749
0.08979
0.014078
0.0087634
0.099959
0.014739
0.19468
0.038613
0.012336
0.15745
0.0081381
0.042241
0.21956
0.23625
0.15192
0.013658
0.053022
0.12539
0.1797
0.098866
0.1673
0.011107
0.013676
0.095974
0.15463
0.027375
0.10829
0.19183
0.081414
0.068724
0.057041
0.028231
0.0081065
0.031926
0.020614
0.016456
0.21679
0.014538
0.072224
0.047646
0.29947
0.021744
0.058673
0.086094
0.052999
0.020611
0.034542
0.018745
0.0063641
0.042318
0.065822
0.026558
0.10473
0.072735
0.021967
0.029321
0.034773
0.07891
0.12867
0.065432
0.018844
0.14038
0.26898
0.019349
0.081788
0.11436
0.019095
0.16487
0.10501
0.019695
0.092096
0.030719
0.03334
0.09769
0.12299
0.10068
0.13665
0.10298
0.15815
0.049704
0.035535
0.065651
0.058127
0.0051106
0.122
0.016466
0.093434
0.03755
0.059417
0.19976
0.059021
0.038145
0.075487
0.10265
0.041872
0.069781
0.079479
0.21278
0.055801
0.040309
0.0056667
0.025848
0.011694
0.064177
0.045773
0.040052
0.1089
0.15022
0.10493
0.11097
0.10585
0.11953
0.021359
0.061845
0.18254
0.20505
0.036909
0.15624
0.056744
0.040502
0.11257
0.0041146
0.025471
0.074889
0.094619
0.010424
0.07533
0.30262
0.14847
0.03883
0.049204
0.10514
0.073325
0.13055
0.024136
0.02095
0.059767
0.17793
0.040581
0.0031715
0.056347
0.06016
0.00011695
0.029047
0.061095
0.2743
0.054281
0.031254
0.18683
0.18081
0.039917
0.070453
0.069473
0.050772
0.18676
0.046684
0.017093
0.094071
0.037431
0.14639
0.015727
0.017775
0.025186
0.0086046
0.064013
0.030286
0.033639
0.071509
0.0093116
0.014045
0.11023
0.047453
0.056454
0.0055803
0.28385
0.090982
0.0036935
0.015342
0.16818
0.22482
0.0093575
0.048902
0.015945
0.090106
0.0536
0.12284
0.29746
0.005681
0.051631
0.16742
0.064014
0.025626
0.051894
0.007463
0.073689
0.13631
0.015531
0.13481
0.014778
0.015864
0.058835
0.022935
0.015637
0.072817
0.048078
0.053994
0.095038
0.008135
0.072231
0.0093334
0.058969
0.071143
0.031054
0.016165
0.12444
0.013551
0.040756
0.065505
0.036253
0.15651
0.029606
0.1658
0.047107
0.026834
0.0083935
0.012252
0.07831
0.029938
0.076305
0.065036
0.11106
0.044918
0.29239
0.071246
0.075819
0.14362
0.026562
0.087611
0.075899
0.0013245
0.039985
0.072057
0.11097
0.0037746
0.14308
0.072587
0.051899
0.1671
0.045324
0.16482
0.04338
0.059806
0.01857
0.046249
0.1177
0.067368
0.067075
0.013077
0.025793
0.073376
0.1337
0.05054
0.27032
0.15545
0.038629
0.058787
0.00066877
0.035663
0.0030914
0.012144
0.030436
0.17969
0.065583
0.4924
0.033378
0.022843
0.0090877
0.081459
0.050264
0.036348
0.12934
0.0017872
0.39358
0.12269
0.061335
0.048487
0.10477
0.00065321
0.064786
0.2064
0.031351
0.1094
0.093271
0.10424
0.17677
0.047078
0.10156
0.24138
0.037908
0.042741
0.12435
0.032315
0.090785
0.068138
0.076166
0.039779
0.02183
0.043539
0.036536
0.044204
0.13673
0.22388
0.14679
0.097363
0.024733
0.070112
0.14269
0.027193
0.034432
0.038465
0.0504
0.10533
0.18756
0.07511
0.0048741
0.25919
0.043959
0.011783
0.045177
0.029132
0.029103
0.076612
0.13883
0.13743
0.06223
0.2357
0.028013
0.025271
0.064144
0.096333
0.14424
0.057444
0.079308
0.022212
0.14562
0.025856
0.040281
0.0094913
0.028959
0.15701
0.013132
0.19497
0.4361
0.091655
0.073435
0.096564
0.036835
0.10312
0.0016519
0.034037
0.034694
0.021331
0.19165
0.10779
0.055063
0.013621
0.00035964
0.041618
0.26184
0.0096989
0.021536
0.055255
0.024978
0.041471
0.06888
0.10685
0.11912
0.087889
0.080943
0.071343
0.054407
0.0093895
0.15735
0.12839
0.0612
0.09041
0.0071196
0.012434
0.0012849
0.12318
0.018254
0.041072
0.11011
0.021046
0.066969
0.15047
0.046704
0.15142
0.11536
0.061412
0.058039
0.12351
0.15556
0.033728
0.0012013
0.035872
0.11274
0.017386
0.077844
0.031234
0.037325
0.25624
0.093729
0.0096999
0.03575
0.092735
0.045315
0.078233
0.13265
0.22497
0.0020445
0.044789
0.040586
0.09802
0.010032
0.06588
0.10795
0.22185
0.15459
0.056897
0.030847
0.087984
0.29869
0.036631
0.12477
0.053568
0.0076652
0.061447
0.013407
0.068915
0.011465
0.078071
0.14906
0.067652
0.074589
0.0020276
0.0023397
0.091473
0.0071277
0.020286
0.0065837
0.040444
0.078782
0.071114
0.028772
0.03873
0.046259
0.018759
0.14236
0.1015
0.077498
0.16573
0.026613
0.087345
0.043439
0.011045
0.096081
0.02638
0.060044
0.070159
0.017416
0.052971
0.060093
0.01411
0.14997
0.15315
0.1492
0.036401
0.0024807
0.044307
0.069727
0.32108
0.010658
0.0027863
0.0010608
0.008069
0.1276
0.04779
0.056517
0.013751
0.07863
0.0099058
0.040936
0.023129
0.027459
0.0029648
0.021119
0.06261
0.023885
0.0031142
0.10425
0.0087096
0.08551
0.12786
0.066817
0.024345
0.008649
0.056245
0.077452
0.023184
0.12482
0.059978
0.045274
0.01445
0.034205
0.12351
0.0069666
0.042991
0.036261
0.077318
0.086901
0.2412
0.066133
0.018081
0.03645
0.00071111
0.042871
0.053794
0.18907
0.035195
0.070971
0.10323
0.024022
0.012143
0.049644
0.064003
0.0067948
0.17964
0.078737
0.23922
0.21824
0.037848
0.055017
0.047828
0.097664
0.033366
0.039512
0.029949
0.040928
0.064309
0.027905
0.0017843
0.05156
0.022316
0.0010483
0.03833
0.09972
0.042466
0.038396
0.0091652
0.040894
0.0059666
0.10433
0.12185
0.065239
0.012492
0.082644
0.16292
0.023905
0.010615
0.12522
0.033966
0.054193
0.013993
0.09363
0.092431
0.11437
0.14543
0.0044404
0.033141
0.019742
0.051319
0.018046
0.10253
0.031432
0.015079
0.17677
0.0037579
0.030846
0.18613
0.0060481
0.0040936
0.074819
0.045824
0.018482
0.18527
0.013662
0.12789
0.016714
0.016076
0.055245
0.053601
0.07896
0.0079395
0.030923
0.0011379
0.0034349
0.17269
0.078243
0.052164
0.1819
0.030466
0.082934
0.16005
0.0061408
0.11877
0.31553
0.013341
0.033377
0.1316
0.12968
0.010657
0.18159
0.1894
0.26115
0.046406
0.08748
0.052905
0.072427
0.039223
0.038931
0.083818
0.0046758
0.085774
0.034253
0.25417
0.014012
0.085386
0.0082856
0.10699
0.18432
0.097171
0.092513
0.040089
0.045193
0.031815
0.14366
0.082723
0.039937
0.014289
0.060817
0.031996
0.17196
0.20375
0.017668
0.17408
0.11909
0.02093
0.033021
0.061063
0.010469
0.07125
0.035712
0.0044997
0.092773
0.028192
0.025268
0.12631
0.046951
0.19992
0.032844
0.034522
0.14818
0.010927
0.13241
0.050226
0.23643
0.018745
0.043478
0.071733
0.037434
0.079067
6.2171e-06
0.030272
0.12234
0.017227
0.092618
0.053174
0.039757
0.36
0.022787
0.11712
0.11989
0.020768
0.10058
0.017104
0.00037575
0.073606
0.010286
0.052069
0.18056
0.0695
0.27466
0.010102
0.077407
0.30383
0.056339
0.065319
0.014938
0.056382
0.1601
0.02112
0.0068376
0.014596
0.13851
0.18132
0.039341
0.16976
0.23864
0.087868
0.037313
0.044869
0.034122
0.020986
0.076415
0.18296
0.066841
0.021734
0.092065
0.027192
0.16759
0.13119
0.0077911
0.021428
0.022426
0.012479
0.0092988
0.007274
0.072052
0.095778
0.023486
0.0059453
0.098175
0.078141
0.099735
0.060511
0.0042866
0.16657
0.050704
0.091457
0.13998
0.068799
0.087737
0.048552
0.12675
0.11632
0.047365
0.009404
0.03096
0.011676
0.026201
0.065106
0.15642
0.0064003
0.043306
0.08627
0.094852
0.055908
0.015702
0.0057689
0.01535
0.050239
0.053484
0.05272
0.03973
0.098322
0.053335
0.086435
0.099257
0.077799
0.0016219
0.025113
0.064892
0.015602
0.056299
0.049166
0.026248
0.099938
0.075264
0.025085
0.057479
0.034935
0.010067
0.085573
0.094241
0.04059
0.12748
0.1172
0.019583
0.16219
0.033529
0.123
0.078014
0.050832
0.10559
0.028819
0.088403
0.23109
0.01902
0.21921
0.093779
0.092287
0.051294
0.15553
0.020721
0.056133
0.11226
0.017055
0.15937
0.00010553
0.024586
0.053824
0.060035
0.099915
0.0040231
0.088781
0.063763
0.051736
0.021951
0.070581
0.0092915
0.15528
0.012955
0.036558
0.067293
0.14672
0.27629
0.079185
0.28018
0.060837
0.14946
0.015695
0.0046011
0.12257
0.02679
0.20605
0.054394
0.15631
0.0376
0.13526
0.19933
0.04827
0.14328
0.078691
0.12083
0.55478
0.01921
0.00995
0.065768
0.079167
0.079368
0.096087
0.016672
0.0027248
0.11652
0.034838
0.065752
0.070501
0.015525
0.05616
0.11195
0.029605
0.067178
0.069951
0.0071877
0.14202
0.27163
0.068561
0.0056562
0.027546
0.090463
0.13848
0.0013172
0.014893
0.033957
0.10068
0.010001
0.10167
0.014818
0.0694
0.17788
0.0067756
0.017833
0.007071
0.038276
0.0016009
0.03922
0.067699
0.098771
0.017251
0.0073648
0.0048839
0.13352
0.12827
0.0055668
0.038877
0.049907
0.037127
0.0011929
0.018895
0.0089427
0.048186
0.090248
0.065225
0.10161
0.14406
0.023661
0.041721
0.11541
0.061162
0.020781
0.044637
0.0089223
0.025256
0.019279
0.027956
0.015642
0.040864
0.041158
0.31631
0.047648
0.014776
0.063934
0.084728
0.17828
0.010752
0.065102
0.01088
0.052585
0.063754
0.29282
0.10112
0.020371
0.11943
0.03758
0.031662
0.16968
0.026616
0.0027013
0.024682
0.11904
0.13031
0.0091911
0.10066
0.12494
0.066632
0.0090357
0.12469
0.029941
0.02402
0.10001
0.094358
0.0042186
0.1168
0.076341
0.034638
0.07756
0.032861
0.0027827
0.034499
0.031238
0.1066
0.01295
0.022662
0.14531
0.10513
0.048461
0.055067
0.002711
0.022312
0.10788
0.17563
0.01988
0.030591
0.0077384
0.072324
0.10448
0.026553
0.071766
0.0509
0.1369
0.0033689
0.047326
0.15023
0.052046
0.10947
0.014186
0.0083032
0.044771
0.084168
0.00074511
0.033092
0.12884
0.10993
0.026935
0.04868
0.2278
0.048451
0.0027926
0.029961
0.0036951
0.010288
0.045402
0.029461
0.015811
0.032273
0.13534
0.14516
0.08322
0.018931
0.35737
0.10938
0.2417
0.033571
0.015021
0.023412
0.045889
0.10087
0.0086725
0.016516
0.0072801
0.011584
0.023924
0.041859
0.02572
0.09362
0.028587
0.010108
0.221
0.083857
0.10918
0.19046
0.064495
0.19051
0.0098552
0.064066
0.052491
0.0031869
0.02037
0.052969
0.088758
0.01636
0.19997
0.11946
0.096987
0.027304
0.046688
0.039872
0.10406
0.13245
0.10891
0.1739
0.0147
0.012267
0.031922
0.10977
0.040877
0.090585
0.063933
0.13494
0.1125
0.22246
0.093621
0.060533
0.083605
0.017306
0.14405
0.17655
0.0096253
0.0098829
0.1103
0.055364
0.049335
0.038119
0.046369
0.051981
0.0083802
0.28533
0.11878
0.045066
0.026413
0.05269
0.004565
0.0016617
0.020397
0.02793
0.13791
0.015281
0.21091
0.037408
0.065566
0.29653
0.1416
0.040609
0.0069536
0.038088
0.0082989
0.026461
0.076706
0.080033
0.0076396
0.071352
0.28473
0.17612
0.030288
0.010308
0.017191
0.058749
0.09931
0.061907
0.03061
0.024087
0.0010445
0.028747
0.063118
0.054484
0.081266
0.058819
0.029696
0.018381
0.02682
0.0055318
0.082103
0.034621
0.011411
0.032155
0.024112
0.049105
0.19345
0.046087
0.12144
0.053862
0.0051952
0.1566
0.0034712
0.014126
0.20515
0.019192
0.099461
0.27709
0.081422
0.038817
0.079927
0.054572
0.00019603
0.028882
0.012716
0.068133
0.061909
0.14822
0.17339
0.059249
0.0072833
0.06471
0.090728
0.10752
0.006303
0.083814
0.013301
0.0072922
0.084907
0.10026
0.052734
0.043014
0.04745
0.15338
0.047132
0.060621
0.10063
0.0018773
0.11693
0.10591
0.0052274
0.026214
0.054804
0.063416
0.09123
0.029468
0.0094556
0.065117
0.022882
0.046993
0.16415
0.0718
0.085217
0.10342
0.06169
0.045974
0.014747
0.24838
0.027182
0.11123
0.022208
0.033424
0.13529
0.10589
0.002777
0.023153
0.015394
0.078426
0.033592
0.067263
0.036255
0.033322
0.0055883
0.055562
0.065341
0.17012
0.064587
0.018496
0.070477
0.042854
0.17713
0.15714
0.0010542
0.036263
0.038379
0.013529
0.098984
0.034842
0.18688
0.20689
0.013499
0.011421
0.0021494
0.010427
0.15144
0.13848
0.018858
0.053592
0.021036
0.041798
0.023651
0.0062024
0.03507
0.026952
0.10557
0.17006
0.022813
0.030167
0.03073
0.11244
0.0084464
0.061381
0.047465
0.038304
0.032372
0.18931
0.002299
0.19927
0.097636
0.06256
0.01841
0.13001
0.25444
0.0060544
0.074908
0.14922
0.017657
0.014388
0.023507
0.011294
0.03122
0.036572
0.06641
0.057027
0.060609
0.045006
0.028573
0.053083
0.092709
0.072316
0.084593
0.10119
0.066068
0.16554
0.14315
0.014138
0.047435
0.16735
0.039041
0.059282
0.014682
0.0081625
0.087437
0.0050828
0.027257
0.17472
0.079649
0.068441
0.0016818
0.022288
0.048689
0.038795
0.17424
0.03427
0.2439
0.048353
0.0011278
0.10176
0.086767
0.00022755
0.035329
0.11491
0.046937
0.081926
0.22151
0.0099794
0.10623
0.23665
0.14667
0.10586
0.076408
0.006531
0.23626
0.076799
0.12907
0.23601
0.012645
0.0032257
0.045319
0.078478
0.0089503
0.038211
0.061016
0.011225
0.12866
0.0202
0.009048
0.021167
0.018953
0.041656
0.010219
0.25106
0.11121
0.0058894
0.037912
0.05512
0.040147
0.056929
0.04143
0.16083
0.10974
0.27966
0.017506
0.057608
0.054674
0.1128
0.12751
0.0081028
0.0058056
0.04861
0.039795
0.039655
0.095017
0.010145
0.27093
0.13296
0.050419
0.1643
0.22868
0.08808
0.0082059
0.030417
0.038063
0.17735
0.11154
0.088393
0.071099
0.16352
0.029147
0.016778
0.030215
0.026042
0.026923
0.30114
0.044951
0.031428
0.34568
0.053395
0.016449
0.20372
0.076159
0.05363
0.017394
0.0077018
0.050898
0.061166
0.054785
0.0061667
0.19332
0.13537
0.022954
0.028578
0.029361
0.032615
0.079745
0.23767
0.010438
0.44674
0.0084515
0.083517
0.11272
0.079249
0.045384
0.065438
0.046122
0.050255
0.039079
0.011307
0.05056
0.0026713
0.074152
0.086475
0.056109
0.02322
0.044485
0.032221
0.14801
0.0017392
0.016274
0.23651
0.18941
0.17902
0.088523
0.13565
0.20926
0.0021185
0.03144
0.029745
0.11027
0.021738
0.020389
0.13267
0.076133
0.077741
0.020467
0.08024
0.048605
0.071338
0.0035246
0.031195
0.024951
0.14379
0.017206
0.089899
0.050687
0.19584
0.10114
0.081155
0.20825
0.065287
0.047801
0.0033088
0.17446
0.28042
0.1113
0.19678
0.055905
0.11053
0.0017647
0.042144
0.059723
0.020271
0.078564
0.036529
0.18875
0.15291
0.12932
0.093245
0.017934
0.032334
0.005637
0.027482
0.2264
0.0058299
0.0059278
0.17448
0.14681
0.079189
0.14831
0.056188
0.02915
0.039782
0.16247
0.079054
0.16869
0.018804
0.00013677
0.038084
0.092022
0.014772
0.0066559
0.19484
0.027668
0.019876
0.18342
0.061365
0.032338
0.17895
0.0059132
0.15474
0.030442
0.019419
0.053461
0.048105
0.0081431
0.003985
0.20567
0.094635
0.0018253
0.095557
0.18454
0.080443
0.086626
0.039199
0.070358
0.045635
0.059898
0.030607
0.008028
0.091986
0.051291
0.033812
0.018697
0.029686
0.022843
0.014259
0.099082
0.1276
0.08246
0.0077725
0.076421
0.055004
0.070244
0.096096
0.02824
0.027378
0.061155
0.080137
0.016147
0.13567
0.077818
0.040634
0.12355
0.062835
0.026048
0.019985
0.032291
0.082007
0.051557
0.092985
0.0025594
0.065438
0.097088
0.033629
0.060868
0.025236
0.095564
0.024483
0.030775
0.044258
0.09547
0.17657
0.11352
0.013338
0.12054
0.23748
0.016963
0.15591
0.025187
0.028041
0.065852
0.079057
0.11991
0.017001
0.048354
0.0081746
0.0249
0.019345
0.04076
0.033411
0.0015624
0.29106
0.11148
0.086276
0.10663
0.061629
0.13166
0.005647
0.079862
0.17782
0.0035797
0.10381
0.21412
0.16982
0.065618
0.04113
0.13792
0.063541
0.049003
0.014543
0.10911
0.080015
0.064124
0.011299
0.097782
0.088633
0.029019
0.046411
0.019666
0.046961
0.01436
0.061041
0.022088
0.00072309
0.049683
0.06332
0.014065
0.026931
0.079283
0.0064211
0.033264
0.19869
0.0083814
0.12679
0.061248
0.079789
0.059436
0.26175
0.1331
0.022454
0.053408
0.030732
0.031931
0.021534
0.081601
0.11794
0.034683
0.03629
0.0060087
0.041986
0.050322
0.04287
0.095329
0.060468
0.041566
0.024454
0.082209
0.0064853
0.14419
0.081985
0.04896
0.005402
0.033308
0.11481
0.036112
0.03318
0.1919
0.16224
0.05593
0.04233
0.18875
0.040068
0.095876
0.22903
0.066739
0.13408
0.11747
0.033803
0.035704
0.050803
0.057824
0.27213
0.012031
0.088345
0.036857
0.019217
0.0081461
0.020057
0.076797
0.019327
0.22853
0.11961
0.033057
0.040294
0.013942
0.063123
0.01004
0.14857
0.11978
0.011479
0.087053
0.12182
0.10074
0.050602
0.18784
0.03126
0.038038
0.034763
0.042424
0.078325
0.051769
0.090498
0.12534
0.014251
0.063928
0.048073
0.032217
0.021534
0.020285
0.0069113
0.030864
0.028267
0.12313
0.011594
0.061157
0.009525
0.050612
0.1411
0.013416
0.02575
0.02333
0.10863
0.14708
0.021471
0.011472
0.081634
0.05107
0.072454
0.16915
0.021076
0.10635
0.062323
0.096687
0.16753
0.044656
0.35139
0.10946
0.00083821
0.025771
0.17534
0.19196
0.020914
0.36359
0.11629
0.099654
0.030544
0.019609
0.035585
0.061152
0.024054
0.044178
0.026276
0.040887
0.096752
0.15418
0.059699
0.056011
0.11249
0.045457
0.10292
0.21001
0.097799
0.023774
0.078982
0.13149
0.057041
0.038193
0.084663
0.00035572
0.011865
0.0057847
0.0052011
0.26201
0.062277
0.029968
0.011971
0.15153
0.085892
0.096746
0.11206
0.04867
0.06109
0.10197
0.0067697
0.0034432
0.11606
0.13557
0.063259
0.10458
0.10161
0.0011303
0.048193
0.0154
0.087362
0.11006
0.028012
0.14645
0.044256
0.032607
0.0062653
0.021167
0.14243
0.024532
0.071443
0.079884
0.010314
0.063059
0.13352
0.083451
0.21238
0.17209
0.13484
0.038908
0.026188
0.022384
0.053488
0.26393
0.042919
0.084757
0.021847
0.010655
0.068239
0.00026389
0.017106
0.03927
0.021493
0.0019961
0.12866
0.066992
0.069984
0.0039467
0.16291
0.019081
0.062711
0.039664
0.021555
0.0078316
0.0075297
0.0012115
0.0082592
0.067355
0.022546
0.069384
0.03509
0.12281
0.13085
0.0046961
0.0017604
0.0061924
0.092854
0.0076434
0.052105
0.014161
0.099803
0.006074
0.053616
0.059286
0.10074
0.039897
0.0048024
0.066249
0.01296
0.030791
0.059934
0.0747
0.074121
0.13362
0.075501
0.10733
0.019152
0.089283
0.047889
0.094914
0.019615
0.12671
0.26824
0.076254
0.15109
0.25542
0.068893
0.014942
0.12937
0.15953
0.1483
0.13946
0.053065
0.05674
0.047321
0.065377
0.06953
0.020415
0.075022
0.045705
0.081203
0.063345
0.073332
0.14161
0.1367
0.26885
0.061627
0.05207
0.04986
0.22382
0.019051
0.036279
0.043752
0.028647
0.073315
0.11631
0.039532
0.018184
0.046691
0.030448
0.028355
0.03803
0.049981
0.15158
0.2822
0.046152
0.071938
0.0084956
0.15773
0.049064
0.10727
0.12992
0.0075563
0.1537
0.020014
0.084406
0.16364
0.081063
0.013774
0.080268
0.0071108
0.025168
0.037447
0.0094747
0.08557
0.07288
0.031325
0.10754
0.089494
0.030132
0.052286
0.0022898
0.079236
0.040375
0.012187
0.051776
0.15307
0.019172
0.065493
0.067712
0.14277
0.11428
0.076706
0.039283
0.031725
0.082933
0.029564
0.11598
0.041059
0.060214
0.084198
0.026021
0.034412
0.048451
0.027869
0.0067966
0.10225
0.12499
0.10046
0.1415
0.13456
0.020299
0.11279
0.19409
0.12118
0.0085709
0.093151
0.053668
0.002016
0.053447
0.047057
0.11377
0.078235
0.055651
0.063264
0.0076031
0.029431
0.034263
0.13451
0.14472
0.08413
0.29127
0.05009
0.07797
0.0056498
0.026196
0.15874
0.087668
0.041288
0.059391
0.12788
0.11768
0.12904
0.0013246
0.054865
1.3561e-05
0.1118
0.0006342
0.018662
0.13255
0.020816
0.077147
0.055913
0.12502
0.034251
0.022672
0.14523
0.24165
0.047326
0.031516
0.025376
0.032496
0.056811
0.06574
0.0079838
0.086757
0.050852
0.047389
0.08263
0.0037524
0.056951
0.012063
0.057734
0.029429
0.076601
0.011579
0.026067
0.013399
0.10626
0.0070484
0.25865
0.021939
0.13866
0.18813
0.014625
0.050479
0.05373
0.1446
0.19405
0.11847
0.08344
0.0466
0.016817
0.0055344
0.04994
0.010954
0.019951
0.14376
0.071097
0.13024
0.054082
0.25568
0.022033
0.038174
0.052071
0.14875
0.099631
0.0036841
0.053938
0.056783
0.096704
0.08848
0.0076135
0.018616
0.01705
0.0075673
0.024062
0.029616
0.30449
0.077248
0.0065092
0.054799
0.077049
0.045204
0.18482
0.068641
0.025132
0.048638
0.14243
0.12312
0.0057884
0.022984
0.022422
0.049587
0.031963
0.069723
0.030025
0.035186
0.20801
0.021309
0.095414
0.16135
0.011762
0.045166
0.039764
0.15776
0.10961
0.0009058
0.014744
0.0092488
0.03455
0.02214
0.0090485
0.12197
0.029056
0.1168
0.029837
0.027473
0.065128
0.013614
0.023096
0.12321
0.067708
0.18551
0.13129
0.044866
0.087103
0.017679
0.026259
0.33193
0.023475
0.13673
0.044903
0.0016686
0.31533
0.067539
0.064339
0.18944
0.058142
0.17688
0.027711
0.085994
0.063157
0.060229
0.059978
0.076885
0.00011063
0.036793
0.20116
0.12813
0.075977
0.055638
0.010643
0.096884
0.04556
0.00091511
0.0069425
0.050551
0.027256
0.0095045
0.0071337
0.097895
0.026944
0.074287
0.022021
0.26703
0.17842
0.10794
0.097886
0.097941
0.087089
0.031132
0.089675
0.010495
0.04154
0.1194
0.0055953
0.046018
0.14471
0.087174
0.081789
0.046527
0.031656
0.062873
0.094261
0.024712
0.0018324
0.06402
0.11716
0.03571
0.13599
0.030652
0.04572
0.096953
0.2372
0.10727
0.035897
0.10521
0.061442
0.018904
0.090551
0.12686
0.048079
0.11454
0.12291
0.090572
0.036393
0.077638
0.017647
0.058817
0.013299
0.041744
0.015582
0.23384
0.066543
0.01092
0.092531
0.084898
0.056618
0.092507
0.12495
0.038057
0.037138
0.24525
0.044426
0.03568
0.19043
0.011988
0.029951
0.055091
0.018386
0.20463
0.10194
0.10887
0.02115
0.12332
0.014995
0.00013426
0.047912
0.077916
0.00074047
0.038048
0.064215
0.026085
0.10648
0.018957
0.062598
0.02666
0.04962
0.047079
0.011412
0.11575
0.041289
0.11508
0.023892
0.027561
0.033586
0.061584
0.10484
0.11908
0.048124
0.023094
0.046867
0.055461
0.006783
0.066518
0.024755
0.070321
0.022597
0.071461
0.082105
0.01134
0.21239
0.058825
0.019213
0.065107
0.050235
0.061463
0.15324
0.10588
0.064934
0.12528
0.037142
0.11078
0.14616
0.21069
0.023107
0.030163
0.04062
0.05025
0.24094
0.046544
0.0043816
0.01721
0.074213
0.019065
0.0091815
0.019154
0.088167
0.035839
0.16144
0.01746
0.046498
0.09975
0.17109
0.11317
0.14636
0.12549
0.13944
0.098549
0.034226
0.16336
0.057431
0.19816
0.051599
0.0495
0.016611
0.063114
0.036153
0.0028133
0.028509
0.037121
0.22179
0.043215
0.057739
0.12757
0.010859
0.13933
0.062759
0.0052485
0.043765
0.10527
0.023323
0.0089892
0.0724
0.007143
0.034082
0.0073087
0.027644
0.043899
0.16102
0.021702
0.041184
0.081791
0.039947
0.060365
0.039625
0.037769
0.011458
0.18726
0.036916
0.040471
0.067481
0.11888
0.037917
0.20563
0.028918
0.032022
0.19931
0.039734
0.022011
0.064181
0.13717
0.0078973
0.0051696
0.075294
0.01315
0.026665
0.0042311
0.016724
0.072575
0.055738
0.037154
0.022934
0.0088993
0.0306
0.039915
0.003522
0.18335
0.12288
0.025195
0.052107
0.010035
0.058821
0.0026433
0.11273
0.029196
0.041177
0.054419
0.034324
0.0082902
0.13404
0.11078
0.021863
0.10027
0.028765
0.045175
0.010872
0.041216
0.016777
0.023907
0.095599
0.023556
0.12087
0.013484
0.042566
0.067016
0.083436
0.20862
0.088963
0.092426
0.023159
0.0034437
0.16734
0.0049385
0.012397
0.047847
0.14245
0.028376
0.17057
0.052989
0.27675
0.15436
0.16877
0.14319
0.088149
0.020091
0.0029005
0.078869
0.0091721
0.037832
0.17756
0.053128
0.15134
0.21544
0.11407
0.11636
0.046545
0.067221
0.11499
0.058683
0.097424
0.059509
0.032742
0.12191
0.13667
0.012702
0.037022
0.045754
0.04612
0.076803
0.023989
0.20629
0.076014
0.045786
0.031757
0.046945
0.070753
0.095973
0.028806
0.021345
0.012342
0.034531
0.089801
0.078717
0.063944
0.0087835
0.032388
0.02127
0.034812
0.20441
0.19636
0.11919
0.053901
0.1757
0.044341
0.036512
0.080221
0.03476
0.067944
0.015669
0.28789
0.025461
0.018196
0.16036
0.00433
0.069388
0.051287
0.061532
0.09802
0.026024
0.21786
0.053976
0.13445
0.018087
0.023725
0.13918
0.015201
0.095138
0.028394
0.055955
0.026309
0.12168
0.019117
0.015358
0.13813
0.031488
0.039911
0.50122
0.057184
0.070243
0.20697
0.046932
0.013507
0.0048289
0.053017
0.022176
0.23057
0.14642
0.24837
0.018905
0.087541
0.0092741
0.0078361
0.0061284
0.063691
0.12369
0.14619
0.059428
0.196
0.013541
0.13511
0.072562
0.030126
0.071594
0.024843
0.014295
0.016325
0.03365
0.05351
0.0051153
0.026087
0.028461
0.15257
0.044384
0.11575
0.23667
0.00017625
0.076898
0.0043606
0.068645
0.13439
0.10275
0.090256
0.12311
0.15745
0.0057295
0.065858
0.00041258
0.070162
0.054655
0.13989
0.063626
0.0040615
0.25764
0.44568
0.051959
0.02151
0.10781
0.008615
0.045615
0.016114
0.36499
0.036653
0.10329
0.027697
0.084543
0.1412
0.080161
0.29921
0.32141
0.074855
0.011528
0.0060625
0.086288
0.075705
0.058364
0.04091
0.15936
0.091464
0.02073
0.060531
0.10451
0.048691
0.0040132
0.13525
0.046809
0.030897
0.031913
0.013273
0.24195
0.20062
0.052785
0.079524
0.051538
0.030806
0.08473
0.0026523
0.036764
0.0057537
0.037953
0.20338
0.068323
0.060625
0.0047549
0.046554
0.23263
0.019876
0.085005
0.090761
0.053468
0.04521
0.0378
0.049059
0.26017
0.066344
0.11444
0.031727
0.03711
0.069369
0.011352
0.046112
0.10605
0.066087
0.072638
0.057366
0.071332
0.01406
0.0093878
0.033663
0.0758
0.013031
0.1292
0.16418
0.14282
0.086858
0.018583
0.035487
0.10956
0.03041
0.023748
0.051147
0.13767
0.10953
0.12367
0.02241
0.0033023
0.080585
0.01283
0.13718
0.018694
0.095932
0.21062
0.12532
0.033729
0.033921
0.045149
0.14898
0.03199
0.27455
0.16036
0.0052893
0.10438
0.0050047
0.055412
0.066148
0.10687
0.013444
0.07471
0.1741
0.086191
0.022691
0.017402
0.2056
0.091865
0.018042
0.053567
0.026984
0.070206
0.11064
0.14296
0.098417
0.097686
0.069534
0.242
0.068071
0.20858
0.0065657
0.0059722
0.046537
0.023294
0.095356
0.17228
0.013056
0.082358
0.035297
0.08046
0.1343
0.041239
0.18137
0.0055529
0.03969
0.098131
0.056577
0.031028
0.020908
0.05498
0.17729
0.034198
0.092134
0.0052081
0.050619
0.1451
0.0089243
0.20415
0.090227
0.11217
0.013552
0.013078
0.013973
0.11021
0.080496
0.056295
0.049721
0.059505
0.016569
0.12187
0.14713
0.23856
0.021905
0.020864
0.036331
0.031849
0.22385
0.0068569
0.043013
0.14563
0.023657
0.040861
0.045765
0.055483
0.017046
0.08391
0.01236
0.090871
0.032897
0.35731
0.084994
0.063052
0.095696
0.023454
0.14776
0.014978
0.021433
0.032994
0.074842
0.013475
0.1279
0.11708
0.0040993
0.066911
0.04342
0.024986
0.031817
0.06523
0.040881
0.1334
0.036869
0.1065
0.054225
0.047224
0.028545
0.086222
0.0011533
0.088978
0.13169
0.021063
0.21041
0.021068
0.014026
0.1636
0.13076
0.28982
0.096631
0.33314
0.024193
0.012221
0.020706
0.10169
0.039938
0.20952
0.026854
0.084884
0.033008
0.088222
0.11669
0.035231
0.44456
0.025288
0.026852
0.048801
0.00052034
0.076116
0.015023
0.0047067
0.12685
0.098769
0.12784
0.0067559
0.033299
0.083574
0.0594
0.057349
0.07681
0.066981
0.01048
0.089452
0.029853
0.020407
0.0033176
0.051923
0.072582
0.016113
0.13379
0.060401
0.1331
0.11674
0.065013
0.058082
0.0030415
0.037159
0.0040969
0.023123
0.0097683
0.25779
0.0071481
0.10861
0.13584
0.004209
0.062039
0.18123
0.013965
0.25379
0.011231
0.019622
0.075239
0.035918
0.083967
0.11547
0.015335
0.17755
0.009983
0.034763
0.12976
0.041412
0.00075321
0.085752
0.064544
0.056023
0.20678
0.049129
0.064685
0.12655
0.15822
0.14753
0.0054027
0.049705
0.17464
0.017534
0.060124
0.0093799
0.12297
0.066685
0.032266
0.011938
0.061733
0.18097
0.033143
0.17385
0.20535
0.0014657
0.11052
0.018977
0.14454
0.021467
0.051175
0.11
0.071136
0.13494
0.065698
0.068082
0.089969
0.0061428
0.10697
0.00026635
0.20531
0.013831
0.044626
0.044547
0.073896
0.058684
0.05698
0.020107
0.067719
0.042095
0.03881
0.052794
0.072043
0.032125
0.068353
0.1091
0.022885
0.12126
0.085764
0.083118
0.065995
0.01613
0.020426
0.034867
0.10498
0.082468
0.0634
0.030196
0.056648
0.08264
0.019571
0.13105
0.11632
0.015642
0.067003
0.0063248
0.022054
0.017377
0.099207
0.07493
0.0069586
0.064901
0.10234
0.026859
0.048673
0.055376
0.082996
0.36321
0.097354
0.015654
0.08981
0.0061981
0.034576
0.31275
0.026912
0.07631
0.00015182
0.12033
0.14083
0.02012
0.003799
0.0081565
0.023441
0.067026
0.20926
0.0043382
0.13816
0.14514
0.029269
0.005775
0.026015
0.047916
0.14283
0.038632
0.039426
0.015354
0.0099769
0.15487
0.18267
0.050578
0.015835
0.20682
0.020475
0.30367
0.094285
0.11478
0.002286
0.17274
0.028544
0.019643
0.083455
0.004237
0.02152
0.062123
0.070571
0.30867
0.076087
0.21982
0.015927
0.2005
0.13107
0.0013532
0.083955
0.05164
0.0062529
0.22991
0.13068
0.13233
0.0226
0.23759
0.057944
0.025796
0.023698
0.091704
0.12226
0.056308
0.24675
0.067741
0.045129
0.19054
0.032978
0.01298
0.21441
0.19068
0.078295
0.12757
0.19779
0.087211
0.014132
0.043466
0.06918
0.056211
0.082276
0.15088
0.051453
0.073221
0.043182
0.083716
0.12422
0.35616
0.14873
0.051249
0.13764
0.067951
0.0081376
0.017491
0.0016442
0.01457
0.12086
0.087334
0.01588
0.1936
0.020533
0.029694
0.080938
0.071032
0.19489
0.016495
0.093904
0.010555
0.091693
0.071599
0.01451
0.060026
0.055936
0.033013
0.098323
0.01813
0.00029555
0.025281
0.0070524
0.029604
0.037448
0.0077071
0.024334
0.13722
0.015478
0.0021526
0.058475
0.0070533
0.051815
0.030967
0.032715
0.0041459
0.029328
0.026328
0.097468
0.013181
0.15415
0.074333
0.023086
0.016762
0.05528
0.00024863
0.035042
0.17082
0.031527
0.041907
0.078029
0.2735
0.0071781
0.11453
0.17442
0.049881
0.067025
0.052292
0.01069
0.19101
0.18477
0.12222
0.037861
0.088587
0.16575
0.048006
0.067744
0.029826
0.035834
0.0053577
0.048741
0.17129
0.067667
0.090895
0.027665
0.12218
0.1376
0.1125
0.11793
0.073276
0.38189
0.037425
0.04876
0.0083586
0.051619
0.13828
0.12694
0.00065545
0.021081
0.071208
0.11327
0.07458
0.067398
0.18819
0.019442
0.17811
0.010695
0.012268
0.16179
0.18873
0.066263
0.011326
0.04554
0.0031189
0.046486
0.089643
0.019569
0.059874
0.039571
0.11736
0.22405
0.17351
0.042417
0.038474
0.070964
0.031511
0.11619
0.18502
0.10999
0.13674
0.029043
0.00017163
0.073932
0.27069
0.039196
0.12952
0.04428
0.052153
0.083669
0.029231
0.082198
0.050355
0.061264
0.29782
0.14972
0.031289
0.072843
0.11445
0.16027
0.067262
0.09344
0.03801
0.18029
0.18054
0.019976
0.026507
0.075314
0.0016516
0.042224
0.079956
0.024297
0.028813
0.053874
0.16195
0.16232
0.1203
0.030397
0.032306
0.015411
0.040657
0.021441
0.039454
0.15805
0.11152
0.089993
0.090187
0.0082393
0.20304
0.031013
0.056318
0.054299
0.064102
0.016753
0.060589
0.027759
0.072274
0.15787
0.074544
0.053735
0.030426
0.22135
0.11225
0.017211
0.060591
0.077135
0.068286
0.04787
0.060459
0.12232
0.015919
0.046553
0.077444
0.17059
0.076811
0.18569
0.12377
0.0056423
0.019444
0.15321
0.0037195
0.042476
0.03361
0.10795
0.0068368
0.051747
0.3224
0.0032824
0.012197
0.03704
0.17522
0.037687
0.1882
0.093268
0.039705
0.24815
0.13695
0.027786
0.051869
0.12238
0.0084606
0.1162
0.081733
0.13712
0.078345
0.02686
0.24553
0.047951
0.11527
0.0084718
0.053881
0.13773
0.017151
0.025315
0.083611
0.040184
0.041428
0.041723
0.043359
0.24695
0.075097
0.0059465
0.035571
0.0071811
0.011631
0.030012
0.065466
0.01884
0.014659
0.12618
0.081668
0.047253
0.12661
0.061751
0.12718
0.043949
0.022199
0.036075
0.20106
0.032367
0.035324
0.20879
0.024054
0.23637
0.010472
0.030139
0.17505
0.085672
0.14614
0.10894
0.0032193
0.0032227
0.019522
0.0079912
0.032962
0.037438
0.056991
0.0010093
0.028278
0.07647
0.18274
0.027349
0.054503
0.053269
0.018767
0.016719
0.0056513
0.058519
0.12832
0.12894
0.043148
0.0028441
0.0075542
0.048887
0.095825
0.113
0.023698
0.11527
0.065062
0.082073
0.06908
0.019553
0.24425
0.11073
0.0094684
0.016075
0.017029
0.13828
0.091909
0.026848
0.0427
0.043959
0.0090948
0.055854
0.021018
0.019752
0.036602
0.042977
0.093671
0.003761
0.0080591
0.036689
0.12999
0.12884
0.087502
0.038698
0.097168
0.092408
0.0111
0.0024158
0.014981
0.057093
0.012659
0.029874
0.0050088
0.10345
0.007921
0.024878
0.035655
0.11333
0.01823
0.067001
0.07463
0.059993
0.10066
0.044282
0.0033594
0.012146
0.0039942
0.05432
0.055059
0.048661
0.015215
0.01624
0.15112
0.10513
0.085238
0.027538
0.033086
0.087106
0.080231
0.086501
0.061634
0.013093
0.0049777
0.047505
0.0058668
0.016918
0.10032
0.084908
0.13329
0.0037908
0.070769
0.0136
0.0082281
0.021551
0.08334
0.19175
0.024043
0.043494
0.047493
0.032745
0.039616
0.026401
0.028097
0.085127
0.10401
0.11079
0.007075
0.064839
0.024554
0.070746
0.030025
0.0347
0.0087537
0.026785
0.088952
0.011414
0.09555
0.0084084
0.0015402
0.061993
0.015025
0.085545
0.17975
0.00044851
0.10024
0.041176
0.0080492
0.10302
0.08216
0.023451
0.053435
0.081443
0.080985
0.023271
0.16419
0.18254
0.0045143
0.0094318
0.078248
0.16931
0.078803
0.032035
0.0086732
0.047843
0.044046
0.082412
0.08888
0.28684
0.070009
0.0073517
0.085665
0.09261
0.14681
0.040641
0.050012
0.0078937
0.11741
0.01698
0.075709
0.0232
0.11583
0.011857
0.064715
0.010816
0.080456
0.031582
0.044308
0.018351
0.13437
0.13365
0.047489
0.04639
0.012752
0.043115
0.056265
0.092317
0.079764
0.017475
0.053265
0.047723
0.025875
0.035749
0.0011486
0.032299
0.043486
0.024706
0.046318
0.020429
0.0079695
0.02322
0.1007
0.0055807
0.013851
0.044229
0.14008
0.025882
0.044636
0.024814
0.19785
0.070385
0.011237
0.012594
0.0063394
0.08531
0.17213
0.057061
0.17167
0.013227
0.16322
0.037938
0.085082
0.089604
0.014826
0.046862
0.059416
0.038365
0.10451
0.16499
0.080237
0.053831
0.13938
0.15304
0.013875
0.10129
0.086528
0.097491
0.029717
0.25809
0.35207
0.18067
0.095234
0.014205
0.1753
0.0092664
0.14327
0.033828
0.117
0.087768
0.055879
0.3718
0.21914
0.011931
0.19141
0.043541
0.084235
0.0088742
0.035082
