0.023841
0.10547
0.039005
0.079187
0.012512
0.10148
0.090057
0.037238
0.082051
0.0084281
0.067388
0.10467
0.055401
0.13088
0.12101
0.13058
0.10317
0.065903
0.16203
0.12195
0.062877
0.11626
0.12949
0.11211
0.11189
0.051744
0.14007
0.08535
0.069785
0.039478
0.03605
0.055234
0.038843
0.13641
0.1375
0.11173
0.11276
0.13744
0.036476
0.070734
0.023314
0.080459
0.055732
0.16236
0.17123
0.025485
0.21995
0.093771
0.083944
0.10839
0.037982
0.085385
0.12249
0.040621
0.24149
0.037996
0.083828
0.053685
0.072879
0.18243
0.035097
0.087548
0.055454
0.16017
0.023081
0.047211
0.021262
0.09582
0.071974
0.19361
0.081909
0.12309
0.096987
0.097035
0.075816
0.049204
0.032551
0.18921
0.070112
0.19786
0.17049
0.094813
0.059736
0.078035
0.02471
0.01991
0.043065
0.090652
0.15472
0.23802
0.075286
0.067364
0.036691
0.098121
0.03881
0.085886
0.050575
0.041065
0.081869
0.07271
0.11485
0.026553
0.084027
0.063547
0.025509
0.099241
0.098105
0.050327
0.13783
0.073527
0.09601
0.086246
0.084126
0.12695
0.098612
0.040848
0.20313
0.062921
0.012474
0.11088
0.060836
0.14743
0.048364
0.21691
0.067234
0.10973
0.091318
0.011923
0.036408
0.02455
0.1057
0.09249
0.073036
0.14107
0.11264
0.037745
0.12726
0.022257
0.034174
0.05706
0.089413
0.066141
0.022161
0.086814
0.0084704
0.040069
0.081559
0.028065
0.12301
0.081707
0.068531
0.073517
0.035082
0.052257
0.10242
0.17232
0.098353
0.050131
0.01732
0.048739
0.10823
0.097251
0.053064
0.11824
0.029788
0.19731
0.047557
0.065485
0.082999
0.25772
0.15705
0.085094
0.069556
0.090172
0.056955
0.05786
0.066682
0.091208
0.097472
0.2034
0.017742
0.13593
0.11917
0.10405
0.032452
0.14328
0.13124
0.16703
0.04427
0.042486
0.099232
0.0049851
0.10939
0.082028
0.047241
0.1311
0.035345
0.049507
0.080867
0.068629
0.16156
0.11993
0.12954
0.16945
0.075384
0.021598
0.10737
0.08271
0.11364
0.10312
0.067159
0.05295
0.008684
0.19304
0.029681
0.053216
0.12929
0.023028
0.11594
0.024352
0.10027
0.11447
0.06656
0.026474
0.064479
0.013621
0.044842
0.082225
0.070193
0.043862
0.094313
0.061962
0.06753
0.074716
0.12241
0.076607
0.070953
0.11679
0.0033979
0.10389
0.12238
0.11197
0.043003
0.034435
0.064175
0.028952
0.072676
0.071919
0.052918
0.14299
0.098976
0.081751
0.14316
0.053103
0.075016
0.13877
0.16367
0.14584
0.15905
0.097566
0.086932
0.10161
0.13373
0.034877
0.071575
0.0066754
0.1112
0.11744
0.079514
0.086628
0.070329
0.040025
0.092667
0.04507
0.10817
0.13582
0.052996
0.16274
0.057259
0.06866
0.17941
0.025148
0.014976
0.078919
0.13516
0.13057
0.14293
0.085812
0.076064
0.042503
0.039331
0.10569
0.035875
0.079434
0.071726
0.13759
0.026001
0.21733
0.12286
0.12822
0.015364
0.066992
0.0819
0.074747
0.057467
0.13913
0.097727
0.10841
0.033015
0.13092
0.090959
0.057074
0.093508
0.040782
0.037206
0.057501
0.10402
0.038461
0.03523
0.11395
0.023574
0.19334
0.13664
0.13018
0.24318
0.080061
0.034901
0.10832
0.11022
0.082938
0.14829
0.059251
0.033554
0.027241
0.018211
0.036424
0.03127
0.081401
0.11718
0.095678
0.12592
0.10124
0.077532
0.046517
0.06831
0.16051
0.059842
0.16686
0.11282
0.0097606
0.044111
0.11406
0.091358
0.12716
0.056141
0.03613
0.099442
0.10668
0.11898
0.028302
0.097811
0.081218
0.11817
0.057585
0.043893
0.073651
0.11255
0.11738
0.11198
0.066462
0.15103
0.10405
0.10977
0.083322
0.16048
0.047486
0.10875
0.024493
0.028127
0.071472
0.013108
0.11208
0.095307
0.047353
0.015454
0.061771
0.15013
0.04757
0.075777
0.052375
0.010578
0.1269
0.14497
0.074695
0.12188
0.070281
0.035319
0.063549
0.076256
0.1191
0.10601
0.096629
0.041363
0.041759
0.071692
0.21114
0.088368
0.063017
0.16714
0.055577
0.071663
0.14803
0.072755
0.13262
0.085571
0.054179
0.099699
0.10645
0.17603
0.075352
0.11944
0.016251
0.16995
0.078349
0.23256
0.048713
0.13234
0.028078
0.095743
0.081335
0.030972
0.11371
0.069317
0.042864
0.14324
0.076017
0.042422
0.063936
0.0713
0.059782
0.017443
0.16593
0.027317
0.10633
0.069945
0.12375
0.067293
0.064539
0.11082
0.085629
0.049203
0.043466
0.13895
0.088307
0.0207
0.085538
0.15277
0.066025
0.042334
0.06308
0.1346
0.098026
0.082786
0.07303
0.12649
0.048354
0.072129
0.0068105
0.0086787
0.023728
0.14309
0.089186
0.12068
0.032318
0.075893
0.14615
0.11349
0.032442
0.11255
0.038498
0.11702
0.054736
0.13274
0.15738
0.071293
0.099644
0.024498
0.17399
0.032599
0.10145
0.010966
0.11376
0.17821
0.035652
0.068103
0.082488
0.09317
0.018995
0.18042
0.095229
0.057159
0.12101
0.076253
0.097602
0.055696
0.21773
0.064172
0.13961
0.048323
0.075825
0.069446
0.14153
0.067326
0.081424
0.095119
0.20636
0.037035
0.032247
0.050787
0.045141
0.13767
0.10996
0.024151
0.0061795
0.021031
0.080206
0.065241
0.19537
0.095975
0.21152
0.074749
0.089519
0.047766
0.048968
0.134
0.1335
0.075933
0.07306
0.10429
0.12202
0.066483
0.084432
0.066929
0.22035
0.082034
0.099786
0.14054
0.082533
0.087779
0.059777
0.06163
0.13785
0.11815
0.13756
0.075904
0.16712
0.11299
0.086649
0.12247
0.032982
0.071762
0.067778
0.077258
0.063783
0.1074
0.10243
0.045198
0.047404
0.065262
0.086248
0.20557
0.14069
0.050494
0.087169
0.055899
0.019498
0.11302
0.14399
0.093651
0.11404
0.11676
0.077684
0.094764
0.10896
0.07632
0.064391
0.12259
0.084613
0.14564
0.09843
0.060912
0.083684
0.12542
0.18272
0.077329
0.094423
0.074082
0.022868
0.073368
0.14663
0.11855
0.049859
0.16563
0.063199
0.12937
0.078339
0.10881
0.063025
0.094013
0.090951
0.16007
0.095
0.076898
0.085721
0.06977
0.017223
0.14942
0.16403
0.035892
0.057734
0.038947
0.068694
0.04662
0.097536
0.031219
0.13927
0.071464
0.054774
0.055051
0.055938
0.046501
0.081193
0.096613
0.046927
0.15159
0.089909
0.0022745
0.070875
0.049864
0.095821
0.074199
0.029719
0.029423
0.085825
0.16917
0.051478
0.077248
0.11781
0.045174
0.10257
0.043819
0.0035932
0.035258
0.10196
0.062645
0.11343
0.025725
0.087353
0.078244
0.14591
0.057257
0.067917
0.077333
0.062659
0.0096753
0.045694
0.063629
0.033403
0.12004
0.089257
0.01645
0.062054
0.068922
0.10447
0.21403
0.011569
0.11944
0.053418
0.044941
0.068614
0.13384
0.1301
0.098919
0.056875
0.22988
0.13295
0.020765
0.0080899
0.09744
0.10187
0.066603
0.079112
0.072298
0.029713
0.061736
0.046867
0.11051
0.12644
0.040207
0.16888
0.13836
0.10636
0.072489
0.086827
0.026269
0.0025487
0.068506
0.04369
0.043153
0.16233
0.12173
0.099051
0.12083
0.12031
0.10184
0.10995
0.05341
0.056371
0.10806
0.21937
0.10495
0.10032
0.086871
0.12309
0.096338
0.051644
0.10329
0.013922
0.019124
0.038756
0.069939
0.14445
0.1242
0.080843
0.15109
0.025558
0.035843
0.058469
0.10313
0.10696
0.06856
0.11181
0.10491
0.10762
0.031156
0.027774
0.078173
0.080781
0.033934
0.066817
0.13482
0.1439
0.13419
0.018023
0.081259
0.065239
0.093019
0.046228
0.058457
0.056042
0.14246
0.024386
0.10279
0.014428
0.078454
0.078738
0.14192
0.063858
0.10129
0.011853
0.014349
0.022006
0.18605
0.097111
0.16184
0.1326
0.025384
0.10097
0.10142
0.082476
0.057544
0.099026
0.11432
0.037826
0.033673
0.03572
0.12814
0.11882
0.087728
0.17066
0.065657
0.15008
0.071406
0.062081
0.07792
0.1586
0.034691
0.10173
0.020955
0.029194
0.019841
0.11552
0.12105
0.07983
0.076155
0.17088
0.17378
0.049701
0.083938
0.059559
0.069059
0.076811
0.019923
0.091829
0.044261
0.0041022
0.065741
0.11388
0.035086
0.1649
0.12307
0.025796
0.085921
0.047319
0.11191
0.0099389
0.068616
0.089831
0.024555
0.096769
0.070285
0.12717
0.068792
0.073437
0.070714
0.099077
0.12419
0.074648
0.045327
0.096422
0.082612
0.03249
0.041419
0.035477
0.02197
0.10904
0.16946
0.13149
0.14041
0.0584
0.19878
0.04485
0.11419
0.029153
0.11108
0.020849
0.098684
0.045973
0.14929
0.060966
0.11075
0.044353
0.033123
0.18955
0.061053
0.055124
0.088432
0.1263
0.049562
0.13132
0.092887
0.033971
0.031441
0.081154
0.098995
0.10022
0.04759
0.028795
0.029784
0.095227
0.050901
0.086693
0.057876
0.051744
0.13332
0.061052
0.13545
0.060339
0.06129
0.19064
0.10545
0.14032
0.070033
0.067134
0.046286
0.055874
0.023225
0.082288
0.075006
0.083771
0.058662
0.12962
0.10754
0.07254
0.092278
0.14388
0.03855
0.082818
0.094491
0.11957
0.071475
0.083659
0.0795
0.079288
0.10265
0.1436
0.10396
0.16037
0.13638
0.11327
0.13455
0.033312
0.14302
0.025096
0.039711
0.084656
0.12446
0.11357
0.04245
0.089789
0.10696
0.033605
0.03567
0.042803
0.17275
0.059125
0.040502
0.11199
0.15811
0.068591
0.17918
0.075866
0.11859
0.060111
0.19413
0.038954
0.11985
0.049772
0.1161
0.15768
0.088556
0.06965
0.016174
0.059246
0.092372
0.16595
0.064338
0.14957
0.10346
0.067921
0.092222
0.024609
0.018343
0.08192
0.018482
0.15744
0.12404
0.24777
0.034907
0.036937
0.19223
0.21633
0.1023
0.044765
0.076493
0.01932
0.14478
0.04238
0.058547
0.043486
0.047569
0.087306
0.050766
0.029113
0.13605
0.042202
0.10441
0.11043
0.04173
0.11626
0.1208
0.045271
0.10531
0.095406
0.19312
0.069269
0.077236
0.19458
0.094198
0.099544
0.14223
0.077569
0.03316
0.015701
0.053532
0.07667
0.0013848
0.099512
0.09689
0.20726
0.21564
0.12129
0.049882
0.046053
0.10007
0.16458
0.12368
0.070508
0.026544
0.096244
0.11438
0.13759
0.033437
0.082261
0.10022
0.1027
0.055685
0.093624
0.10157
0.079259
0.17974
0.04738
0.056305
0.0479
0.1132
0.10507
0.042774
0.13675
0.057516
0.02357
0.092875
0.095437
0.16517
0.13912
0.14674
0.05055
0.036111
0.0054134
0.14787
0.12849
0.081991
0.024095
0.079044
0.11983
0.16759
0.062989
0.091974
0.119
0.16957
0.084144
0.072034
0.053772
0.016307
0.079848
0.095776
0.050711
0.088918
0.066519
0.04057
0.14703
0.079587
0.043149
0.094925
0.1372
0.054086
0.14782
0.050049
0.056827
0.034331
0.038963
0.10204
0.14699
0.058046
0.15261
0.078956
0.087673
0.10873
0.057462
0.072091
0.079814
0.16774
0.028661
0.10943
0.058234
0.16874
0.10254
0.19211
0.14439
0.12011
0.02629
0.058724
0.096801
0.0076477
0.16108
0.078702
0.044464
0.053687
0.068959
0.14346
0.074763
0.032739
0.11308
0.092923
0.11318
0.089612
0.060652
0.026825
0.12715
0.031138
0.058893
0.054756
0.093478
0.041951
0.066043
0.040962
0.15262
0.18627
0.20787
0.044347
0.14835
0.10104
0.090958
0.0085215
0.012747
0.11937
0.096256
0.12449
0.12714
0.06662
0.022854
0.13144
0.038892
0.05244
0.094369
0.1122
0.047124
0.10257
0.095095
0.021017
0.087384
0.080729
0.16382
0.10473
0.13913
0.19319
0.13734
0.10604
0.11689
0.063372
0.095149
0.051883
0.12814
0.044016
0.19702
0.069266
0.10606
0.1312
0.19514
0.041933
0.055136
0.048907
0.014362
0.10478
0.10995
0.03338
0.090606
0.082813
0.05383
0.13337
0.090142
0.11657
0.12875
0.024786
0.071459
0.10476
0.14039
0.057467
0.019158
0.16741
0.055967
0.035808
0.052285
0.017149
0.023259
0.12856
0.055959
0.069986
0.096264
0.079617
0.040863
0.11911
0.019814
0.064095
0.071388
0.08686
0.068714
0.1049
0.03547
0.1011
0.10434
0.050235
0.11243
0.13847
0.071173
0.13774
0.076545
0.075294
0.11129
0.070239
0.11653
0.10895
0.07254
0.086088
0.03918
0.17686
0.12376
0.19121
0.072926
0.1663
0.10086
0.085104
0.034743
0.05844
0.11705
0.081498
0.062198
0.12163
0.013792
0.02714
0.14246
0.023784
0.090663
0.11615
0.18577
0.067523
0.027928
0.063446
0.065629
0.1191
0.074107
0.08373
0.070358
0.077011
0.051894
0.066574
0.071547
0.10237
0.070977
0.16988
0.13372
0.074735
0.036228
0.12943
0.087804
0.12183
0.057149
0.11351
0.15282
0.14974
0.010373
0.012444
0.033399
0.050015
0.14176
0.029479
0.087595
0.041628
0.15075
0.10664
0.10019
0.11263
0.04944
0.078315
0.10895
0.083803
0.057449
0.095109
0.059339
0.090437
0.2191
0.022299
0.041082
0.035576
0.036679
0.077687
0.062382
0.14095
0.055932
0.047226
0.081431
0.032222
0.13235
0.050258
0.12432
0.058218
0.017593
0.15805
0.029854
0.15178
0.079311
0.09841
0.11712
0.048748
0.073049
0.1075
0.15056
0.077337
0.099896
0.050142
0.1548
0.075765
0.059115
0.050072
0.089162
0.11433
0.12453
0.10331
0.092542
0.10115
0.11306
0.070063
0.063015
0.08323
0.10592
0.066068
0.032293
0.034874
0.041004
0.046855
0.076601
0.20896
0.093035
0.034074
0.19552
0.14364
0.12461
0.063979
0.082823
0.11828
0.077055
0.059381
0.052018
0.042741
0.027313
0.037287
0.077233
0.1278
0.074881
0.031762
0.074406
0.10375
0.072446
0.080983
0.1181
0.0048701
0.0085266
0.041062
0.048697
0.044174
0.064427
0.13566
0.028902
0.11073
0.0082786
0.085071
0.064624
0.061786
0.16616
0.17272
0.10952
0.15675
0.065011
0.09931
0.072764
0.23365
0.15648
0.051223
0.16818
0.078393
0.12793
0.049752
0.069157
0.031523
0.042341
0.060865
0.06623
0.0099782
0.071111
0.081358
0.061608
0.043897
0.13423
0.14534
0.012877
0.041714
0.054576
0.12674
0.15792
0.15253
0.046285
0.10482
0.061481
0.045729
0.06671
0.072954
0.040454
0.085486
0.12699
0.20886
0.029339
0.061878
0.095848
0.066522
0.13063
0.1359
0.13807
0.019237
0.067437
0.10312
0.10811
0.14701
0.056709
0.036234
0.20858
0.06002
0.12883
0.072153
0.050412
0.13137
0.080255
0.15883
0.14029
0.061921
0.081935
0.080501
0.097708
0.13382
0.057167
0.20332
0.12909
0.12989
0.026292
0.056264
0.13121
0.10298
0.058305
0.085891
0.18734
0.10041
0.047219
0.090593
0.052103
0.08891
0.059016
0.029935
0.04801
0.08472
0.087468
0.22656
0.037342
0.088495
0.055845
0.097591
0.047465
0.068096
0.075295
0.066731
0.13665
0.059339
0.082135
0.053183
0.095519
0.08067
0.054384
0.010438
0.040894
0.0055924
0.015781
0.067582
0.11397
0.019355
0.020318
0.061637
0.091225
0.14935
0.14592
0.018759
0.026114
0.038421
0.20041
0.081932
0.072851
0.055922
0.10436
0.063796
0.089578
0.065014
0.11533
0.049692
0.082518
0.099986
0.13795
0.065002
0.085176
0.1789
0.078754
0.23837
0.19741
0.069401
0.055948
0.11682
0.04897
0.1152
0.060922
0.13492
0.076985
0.12098
0.079295
0.079759
0.076838
0.043238
0.047865
0.068217
0.025206
0.062445
0.15095
0.15722
0.045959
0.089315
0.11634
0.05091
0.072756
0.061723
0.13514
0.066233
0.075098
0.024799
0.28511
0.1531
0.062967
0.085108
0.098862
0.080741
0.1152
0.10534
0.15401
0.030558
0.072354
0.13847
0.080356
0.081852
0.088875
0.092691
0.086387
0.050883
0.08645
0.24711
0.11388
0.081572
0.065933
0.10933
0.10185
0.14335
0.049002
0.083639
0.068173
0.074184
0.058412
0.07791
0.13486
0.095444
0.12203
0.18147
0.11816
0.1147
0.12709
0.041655
0.068441
0.056376
0.076602
0.095214
0.081075
0.10151
0.064018
0.026181
0.064073
0.066065
0.053468
0.070505
0.03288
0.063381
0.11192
0.14296
0.027135
0.18128
0.098235
0.072853
0.083734
0.077513
0.085188
0.054015
0.060583
0.007399
0.016384
0.085244
0.15592
0.033674
0.12151
0.018223
0.026498
0.093491
0.18198
0.062529
0.046098
0.019947
0.073739
0.062453
0.11858
0.080053
0.065618
0.099303
0.070571
0.13258
0.15464
0.070103
0.097242
0.12044
0.15853
0.082856
0.054334
0.11424
0.12532
0.16738
0.087823
0.11736
0.08738
0.051918
0.12012
0.067254
0.1014
0.14444
0.042887
0.15793
0.065796
0.047988
0.20344
0.11383
0.014244
0.060369
0.10562
0.071848
0.11334
0.16484
0.12489
0.093562
0.026983
0.12181
0.1638
0.096628
0.040195
0.0095388
0.12277
0.054922
0.01118
0.015588
0.15188
0.15718
0.08362
0.06067
0.14258
0.18479
0.12644
0.039889
0.12797
0.10156
0.092625
0.060976
0.088765
0.069464
0.12396
0.095765
0.093279
0.07896
0.042519
0.15204
0.12196
0.05024
0.034531
0.032924
0.022442
0.044842
0.034025
0.13464
0.016415
0.089334
0.13123
0.13334
0.074109
0.12531
0.10638
0.05368
0.018817
0.065083
0.12089
0.13811
0.17699
0.09887
0.12587
0.18573
0.061429
0.081256
0.040574
0.16269
0.10059
0.091123
0.10404
0.073066
0.08558
0.050932
0.058205
0.055238
0.082175
0.083889
0.079981
0.094837
0.029019
0.063336
0.03867
0.063781
0.13289
0.14258
0.10415
0.10101
0.054118
0.051213
0.085893
0.052517
0.042685
0.018851
0.065476
0.16936
0.14497
0.049323
0.10431
0.031413
0.041838
0.1232
0.034121
0.11442
0.043796
0.025722
0.12904
0.095356
0.0631
0.083118
0.14499
0.058184
0.10884
0.061996
0.040743
0.067425
0.16058
0.07237
0.020334
0.10027
0.042198
0.15569
0.07291
0.021563
0.080142
0.099675
0.079638
0.076524
0.025866
0.11512
0.062713
0.070542
0.11502
0.12611
0.16912
0.076906
0.062107
0.10173
0.1294
0.13004
0.17086
0.11752
0.071307
0.091638
0.13051
0.096398
0.068418
0.018341
0.008767
0.15857
0.11704
0.1098
0.043832
0.014713
0.29427
0.083434
0.083124
0.13878
0.096733
0.081984
0.044644
0.059258
0.19166
0.13773
0.064428
0.090444
0.15666
0.036128
0.098515
0.036178
0.10148
0.057764
0.06352
0.073014
0.026106
0.069909
0.090874
0.077641
0.034287
0.084778
0.087921
0.069369
0.15646
0.1777
0.10696
0.050488
0.049134
0.15089
0.10527
0.12198
0.2055
0.063275
0.056522
0.047633
0.038778
0.060105
0.058882
0.04322
0.23288
0.033954
0.086439
0.042444
0.041393
0.035214
0.10988
0.15107
0.22752
0.02468
0.053531
0.042355
0.13571
0.05706
0.057446
0.095953
0.072195
0.096059
0.06645
0.057784
0.096238
0.095047
0.099056
0.048993
0.14431
0.06102
0.029653
0.045511
0.12148
0.072796
0.06872
0.075399
0.10067
0.13377
0.11145
0.060791
0.075068
0.10369
0.038732
0.09364
0.11949
0.1516
0.14097
0.11032
0.041102
0.061666
0.023268
0.021472
0.088202
0.078411
0.1645
0.0355
0.10289
0.080858
0.068435
0.069127
0.10559
0.055302
0.047868
0.0094182
0.081909
0.076366
0.059607
0.15312
0.14481
0.089105
0.10373
0.03719
0.077821
0.068508
0.12214
0.049907
0.11276
0.058658
0.064886
0.075732
0.05293
0.027305
0.031044
0.057142
0.053378
0.054835
0.061263
0.10263
0.078488
0.087867
0.16198
0.051311
0.15548
0.131
0.043381
0.039553
0.11704
0.13872
0.15251
0.12229
0.10385
0.18681
0.049015
0.1106
0.10701
0.10896
0.073797
0.0819
0.051484
0.019759
0.14139
0.045855
0.17621
0.013336
0.079256
0.12963
0.16857
0.11096
0.16664
0.046072
0.12459
0.091733
0.14805
0.045368
0.098913
0.029574
0.12381
0.073981
0.13096
0.1205
0.062124
0.018579
0.051465
0.012258
0.067388
0.070491
0.046201
0.095264
0.046872
0.10671
0.074166
0.027607
0.065025
0.14342
0.12888
0.12896
0.045594
0.11085
0.15667
0.040631
0.13987
0.041355
0.07019
0.080348
0.14662
0.14583
0.081894
0.035533
0.14938
0.058225
0.1384
0.056674
0.084685
0.078763
0.033775
0.17646
0.037488
0.094314
0.13805
0.06122
0.11005
0.090168
0.089168
0.044438
0.055811
0.13948
0.049449
0.077264
0.052213
0.098947
0.0055088
0.077571
0.047642
0.18388
0.11519
0.055516
0.087838
0.081208
0.12565
0.11519
0.15881
0.027316
0.10902
0.0082283
0.029982
0.061299
0.067687
0.071675
0.11586
0.10459
0.087471
0.083793
0.07576
0.034619
0.085087
0.062744
0.0051311
0.15389
0.091051
0.071024
0.047836
0.10388
0.10248
0.12616
0.13587
0.1278
0.11602
0.11376
0.056156
0.076074
0.04491
0.088032
0.097905
0.12064
0.03257
0.17162
0.10274
0.13435
0.068451
0.026638
0.091497
0.016284
0.090211
0.019882
0.085656
0.15491
0.054851
0.12335
0.052894
0.068791
0.13879
0.15042
0.060465
0.088567
0.11294
0.092929
0.10467
0.10067
0.077805
0.11739
0.0060719
0.16268
0.098439
0.1087
0.087956
0.0988
0.041673
0.079944
0.099762
0.032054
0.081268
0.016597
0.055806
0.033756
0.070151
0.090364
0.064922
0.089409
0.10608
0.049205
0.041028
0.042639
0.11006
0.044232
0.086879
0.089399
0.05283
0.016063
0.055832
0.081707
0.036306
0.12072
0.05579
0.0998
0.13252
0.057189
0.026657
0.047838
0.030825
0.098189
0.17693
0.037461
0.10032
0.052709
0.08522
0.13396
0.048024
0.10377
0.14448
0.011586
0.103
0.011157
0.12554
0.10609
0.015991
0.031987
0.06152
0.06255
0.09836
0.057687
0.077695
0.11359
0.09871
0.1269
0.058711
0.12524
0.035639
0.098271
0.054133
0.039236
0.03659
0.020133
0.034676
0.091901
0.11741
0.083487
0.086077
0.082634
0.12756
0.094899
0.096638
0.089048
0.11639
0.065398
0.15505
0.035301
0.10901
0.080473
0.14329
0.061393
0.071849
0.13527
0.15481
0.079683
0.076812
0.05088
0.052366
0.12749
0.106
0.10766
0.047038
0.11543
0.074645
0.11951
0.061284
0.048495
0.02036
0.046172
0.098644
0.063346
0.16232
0.14818
0.058762
0.027877
0.092079
0.12692
0.15964
0.15856
0.030138
0.089043
0.09039
0.075378
0.043352
0.08108
0.092609
0.099746
0.030925
0.11058
0.056457
0.084726
0.067663
0.028668
0.062698
0.062401
0.02073
0.0065452
0.0628
0.056681
0.1194
0.12475
0.1084
0.063509
0.067083
0.035244
0.10916
0.11683
0.11212
0.07171
0.024105
0.023776
0.13232
0.1317
0.11565
0.04523
0.07914
0.01469
0.14921
0.10197
0.0061174
0.080803
0.084637
0.085252
0.011777
0.10046
0.059501
0.096121
0.046695
0.16709
0.14398
0.051686
0.10273
0.081494
0.15321
0.092352
0.1284
0.10261
0.094013
0.048761
0.087691
0.058274
0.0085178
0.14542
0.08166
0.043629
0.15843
0.065351
0.033254
0.040531
0.098681
0.13042
0.075521
0.050515
0.10932
0.043166
0.051654
0.08515
0.080139
0.13064
0.016944
0.14988
0.028095
0.14424
0.049342
0.081382
0.021605
0.089815
0.12161
0.062419
0.042894
0.0397
0.10979
0.17399
0.086319
0.015701
0.055275
0.081159
0.074978
0.10785
0.12995
0.062221
0.079402
0.020375
0.065229
0.033459
0.038699
0.098578
0.050452
0.089291
0.032305
0.11813
0.071455
0.13653
0.14722
0.087225
0.059547
0.091052
0.10252
0.014597
0.060833
0.11356
0.060918
0.12211
0.087544
0.039133
0.21486
0.069381
0.023898
0.10804
0.041112
0.13685
0.045818
0.13095
0.1789
0.11311
0.050251
0.028075
0.10612
0.19204
0.058887
0.014781
0.11343
0.095586
0.05034
0.094177
0.097486
0.046343
0.050202
0.15857
0.10728
0.038878
0.18828
0.051206
0.06331
0.065503
0.12157
0.048749
0.10095
0.0074208
0.12658
0.072904
0.14014
0.071446
0.058667
0.1374
0.077751
0.068935
0.13486
0.027987
0.065938
0.051494
0.047986
0.086015
0.163
0.10194
0.18349
0.072877
0.1049
0.086669
0.078693
0.032954
0.14399
0.0567
0.1286
0.10946
0.055181
0.1304
0.057844
0.11956
0.07511
0.004294
0.11039
0.014803
0.055169
0.049792
0.10014
0.092373
0.037179
0.14641
0.090272
0.046418
0.077734
0.133
0.13076
0.10335
0.099827
0.091173
0.094263
0.078159
0.024967
0.18123
0.075309
0.079422
0.093274
0.21121
0.01325
0.031163
0.053783
0.090443
0.17113
0.03808
0.044745
0.077971
0.12
0.021173
0.13639
0.063685
0.091566
0.18725
0.074658
0.10759
0.02312
0.050091
0.18763
0.13178
0.070824
0.07023
0.048384
0.11549
0.077239
0.073919
0.10062
0.033159
0.12525
0.069774
0.13722
0.053823
0.11264
0.068826
0.16976
0.14515
0.12462
0.074679
0.075621
0.081026
0.13387
0.10259
0.17528
0.15859
0.1785
0.072826
0.076381
0.070177
0.11452
0.050974
0.048388
0.074894
0.039983
0.12087
0.088986
0.14113
0.058196
0.032474
0.13263
0.086864
0.0090114
0.07332
0.077509
0.047771
0.033057
0.1447
0.064589
0.10119
0.11966
0.23899
0.21882
0.078152
0.09888
0.11248
0.041521
0.11014
0.049081
0.15019
0.056639
0.037586
0.090446
0.011468
0.072436
0.092944
0.059111
0.12306
0.12647
0.043599
0.05785
0.15376
0.0615
0.078904
0.1294
0.16732
0.092646
0.15754
0.070402
0.15331
0.058182
0.1446
0.15488
0.022279
0.081895
0.18381
0.065814
0.11456
0.094378
0.10631
0.13518
0.13834
0.15973
0.044794
0.085379
0.068536
0.10125
0.11992
0.073024
0.034706
0.084926
0.041407
0.067215
0.056451
0.14062
0.10613
0.059271
0.050981
0.074868
0.054602
0.084568
0.1722
0.16815
0.061612
0.036468
0.081172
0.088985
0.046098
0.093556
0.083017
0.12984
0.073591
0.16803
0.059395
0.023101
0.061576
0.1427
0.13251
0.10703
0.026135
0.04408
0.071489
0.072816
0.074037
0.023574
0.062013
0.1027
0.17738
0.015829
0.084439
0.069688
0.054819
0.20578
0.041138
0.065554
0.005209
0.16537
0.10283
0.011486
0.047766
0.054798
0.052996
0.14505
0.034721
0.035877
0.16249
0.048231
0.14709
0.048736
0.047529
0.17968
0.091921
0.1237
0.069047
0.062279
0.080095
0.11304
0.11725
0.11409
0.089029
0.10625
0.15489
0.12315
0.12765
0.15377
0.064068
0.11785
0.021647
0.13398
0.092273
0.09114
0.06928
0.089422
0.03028
0.21199
0.060034
0.023813
0.064612
0.071632
0.079036
0.094499
0.035733
0.067044
0.057109
0.020263
0.11765
0.053993
0.12308
0.087168
0.10047
0.060811
0.012504
0.060726
0.13596
0.084826
0.18959
0.096946
0.1013
0.026066
0.10341
0.064741
0.053716
0.12097
0.094402
0.14211
0.13886
0.059102
0.055919
0.091774
0.21933
0.09933
0.071634
0.076391
0.11768
0.013274
0.11565
0.084134
0.064852
0.006818
0.039979
0.080212
0.12333
0.17491
0.071378
0.11677
0.088331
0.15476
0.033457
0.083751
0.075438
0.1425
0.043478
0.083398
0.065657
0.071704
0.075708
0.067354
0.13166
0.046325
0.13457
0.066479
0.10269
0.057791
0.067349
0.097784
0.13213
0.11267
0.083882
0.11696
0.16527
0.077378
0.027422
0.085446
0.083799
0.093675
0.011733
0.16324
0.046761
0.094671
0.067861
0.074398
0.075975
0.10455
0.032364
0.12422
0.12233
0.053225
0.13195
0.047772
0.18083
0.089564
0.1326
0.079268
0.12791
0.092153
0.024308
0.10737
0.13505
0.028577
0.026561
0.12761
0.17612
0.094396
0.049984
0.079103
0.08033
0.061885
0.13204
0.056337
0.072517
0.040572
0.045897
0.18703
0.086443
0.10663
0.17306
0.04422
0.059712
0.083484
0.11879
0.10613
0.07587
0.11326
0.11344
0.051067
0.11244
0.20571
0.08511
0.11842
0.037418
0.063796
0.13655
0.04639
0.072146
0.14072
0.070785
0.1085
0.025594
0.096111
0.18147
0.02919
0.12984
0.08979
0.098772
0.079067
0.18367
0.11893
0.058694
0.058879
0.079173
0.1892
0.056066
0.14816
0.11887
0.076222
0.066469
0.088171
0.075274
0.029156
0.15685
0.12719
0.048076
0.064606
0.1355
0.065708
0.14952
0.048236
0.046216
0.10933
0.071584
0.026168
0.10016
0.072227
0.051955
0.04327
0.029942
0.033411
0.045883
0.017892
0.018389
0.1076
0.033593
0.13604
0.046906
0.16187
0.28582
0.10518
0.11643
0.084401
0.11067
0.16124
0.041082
0.031884
0.15179
0.048343
0.04456
0.022375
0.12913
0.02922
0.032147
0.056375
0.085972
0.26509
0.16977
0.12036
0.08301
0.16959
0.057612
0.044689
0.083821
0.092618
0.069099
0.06756
0.13571
0.049138
0.046144
0.17602
0.051037
0.094274
0.090073
0.096883
0.10338
0.086173
0.21316
0.092894
0.078508
0.041734
0.11421
0.21456
0.10927
0.16892
0.15797
0.1507
0.066499
0.059802
0.10524
0.026933
0.20712
0.12775
0.04499
0.038101
0.043484
0.041404
0.012523
0.10447
0.11742
0.081173
0.056589
0.089234
0.13545
0.076422
0.027808
0.14472
0.11782
0.028822
0.18518
0.057411
0.12879
0.070466
0.036389
0.040877
0.095439
0.06627
0.10668
0.082394
0.078134
0.13139
0.081689
0.039547
0.061421
0.092947
0.13723
0.092406
0.12078
0.10355
0.040755
0.075255
0.13133
0.13778
0.050713
0.06465
0.057333
0.015582
0.090647
0.11652
0.13109
0.13682
0.13924
0.068207
0.017738
0.12752
0.16457
0.057339
0.14287
0.11159
0.20005
0.15288
0.094394
0.033244
0.024893
0.1257
0.079863
0.13759
0.10041
0.070573
0.12053
0.09714
0.043894
0.17661
0.015037
0.042053
0.10585
0.071485
0.081243
0.091991
0.24095
0.10247
0.097467
0.056275
0.023236
0.11395
0.070629
0.049883
0.017633
0.052372
0.2255
0.1097
0.1418
0.13793
0.094791
0.054777
0.071569
0.028391
0.060899
0.087851
0.010176
0.11679
0.11795
0.089984
0.12366
0.1365
0.11273
0.10807
0.090831
0.12194
0.1004
0.079765
0.027248
0.026533
0.088694
0.091127
0.0059215
0.018382
0.042547
0.061997
0.20004
0.094262
0.09294
0.15229
0.0053811
0.0921
0.088784
0.029826
0.016817
0.053876
0.078474
0.07949
0.037939
0.090913
0.071917
0.11348
0.16895
0.093787
0.067088
0.036261
0.07374
0.11455
0.06515
0.079901
0.13744
0.12002
0.12472
0.07329
0.050358
0.061578
0.055976
0.074927
0.073201
0.10236
0.017435
0.14323
0.060715
0.033729
0.052794
0.02393
0.084181
0.10933
0.082709
0.033146
0.051929
0.10037
0.16158
0.064398
0.024143
0.048785
0.031198
0.056448
0.14609
0.102
0.072654
0.11818
0.074565
0.12827
0.057453
0.044267
0.13346
0.058412
0.05791
0.089573
0.1062
0.13462
0.083502
0.1058
0.065194
0.1659
0.20053
0.028878
0.10483
0.086562
0.093417
0.11584
0.028844
0.056162
0.1384
0.052516
0.039442
0.21078
0.03216
0.060277
0.033938
0.073356
0.050994
0.12353
0.019943
0.19106
0.1522
0.072883
0.18412
0.070083
0.035183
0.030849
0.068676
0.029544
0.05267
0.05854
0.050686
0.046457
0.043527
0.062419
0.073934
0.078738
0.076776
0.2564
0.10351
0.095105
0.033635
0.018217
0.11298
0.029812
0.095955
0.092408
0.031204
0.024023
0.028361
0.1264
0.13458
0.037101
0.087923
0.015214
0.039681
0.093096
0.1134
0.086396
0.091559
0.031648
0.11326
0.1139
0.057297
0.082423
0.14574
0.082282
0.037901
0.084999
0.017492
0.11368
0.017715
0.078671
0.031339
0.048184
0.041646
0.08927
0.061393
0.043643
0.043854
0.20431
0.1471
0.036515
0.16766
0.21139
0.12657
0.15791
0.056224
0.12552
0.044749
0.078724
0.051719
0.074408
0.2125
0.10615
0.14014
0.066106
0.068188
0.059179
0.16207
0.026419
0.063819
0.046049
0.07389
0.094993
0.03856
0.016799
0.15525
0.060736
0.088323
0.06628
0.070229
0.13502
0.053567
0.095086
0.10241
0.19539
0.068771
0.10109
0.11467
0.037335
0.053552
0.094902
0.084615
0.13928
0.067482
0.06669
0.076098
0.02252
0.080581
0.052491
0.051937
0.0029878
0.081756
0.092279
0.14342
0.16631
0.097949
0.06524
0.075125
0.15582
0.022175
0.21122
0.064542
0.024599
0.07886
0.048801
0.074567
0.1166
0.096594
0.092144
0.048938
0.12142
0.11251
0.028929
0.061031
0.049193
0.13515
0.077896
0.1172
0.095927
0.024513
0.068885
0.13135
0.085995
0.10326
0.099062
0.048662
0.058767
0.11884
0.015044
0.12236
0.087729
0.084605
0.15945
0.017428
0.041153
0.1111
0.028859
0.061052
0.13008
0.04707
0.12769
0.092942
0.090396
0.12018
0.075102
0.097831
0.1599
0.17453
0.11314
0.054469
0.039075
0.048248
0.043857
0.022013
0.11549
0.15366
0.11911
0.014362
0.0289
0.065077
0.0081964
0.070086
0.093162
0.10128
0.059823
0.059989
0.096115
0.085704
0.058051
0.099298
0.13484
0.09708
0.046638
0.022186
0.1539
0.030877
0.044845
0.052439
0.10856
0.058202
0.14842
0.012863
0.030904
0.039024
0.063075
0.059114
0.084712
0.041014
0.066389
0.033622
0.16175
0.062151
0.017682
0.15279
0.13072
0.062848
0.11548
0.050867
0.10869
0.091131
0.082827
0.19624
0.058211
0.07201
0.025429
0.10502
0.18095
0.07463
0.077734
0.046791
0.061154
0.010996
0.058206
0.074366
0.065357
0.016333
0.1399
0.10324
0.097233
0.055234
0.045364
0.11461
0.1132
0.015557
0.016231
0.14273
0.01539
0.042923
0.067669
0.10877
0.053553
0.18081
0.051617
0.023209
0.077304
0.061303
0.072182
0.035613
0.10657
0.20791
0.08898
0.11668
0.086448
0.076279
0.069764
0.057034
0.19445
0.14634
0.063999
0.03561
0.11713
0.08845
0.010452
0.12756
0.055374
0.1822
0.13192
0.062046
0.06781
0.061938
0.08617
0.12344
0.1215
0.099177
0.056736
0.1471
0.071599
0.040473
0.1643
0.15948
0.14277
0.17337
0.10817
0.117
0.027852
0.095647
0.065891
0.08127
0.055804
0.020846
0.12465
0.069905
0.05189
0.10319
0.053665
0.065168
0.030741
0.090415
0.10812
0.022918
0.10212
0.0048861
0.015763
0.050459
0.13214
0.043517
0.013936
0.092254
0.14411
0.074292
0.064403
0.046256
0.16394
0.096489
0.033318
0.058271
0.072192
0.023655
0.10516
0.045224
0.09337
0.022478
0.11263
0.072242
0.034946
0.059414
0.11404
0.069959
0.095638
0.0086916
0.055742
0.16385
0.086378
0.051364
0.14884
0.10785
0.085802
0.034594
0.039602
0.071405
0.047549
0.066053
0.09996
0.16518
0.048998
0.09519
0.14685
0.066773
0.11435
0.012578
0.02901
0.08465
0.14844
0.043931
0.078478
0.044237
0.18602
0.062372
0.099019
0.031373
0.038236
0.13443
0.11364
0.046941
0.085624
0.047522
0.045363
0.1094
0.036423
0.0022254
0.044643
0.13385
0.073677
0.10769
0.034355
0.049778
0.050912
0.02156
0.072055
0.14647
0.069119
0.024521
0.01817
0.062372
0.038024
0.076846
0.13564
0.050097
0.057219
0.10896
0.086171
0.039171
0.098639
0.018592
0.12849
0.093738
0.044109
0.10491
0.15479
0.040153
0.062641
0.021717
0.1197
0.069121
0.15482
0.040997
0.052727
0.097476
0.13063
0.037151
0.18126
0.08135
0.1197
0.11179
0.16626
0.19894
0.050744
0.066048
0.076288
0.04199
0.11268
0.045418
0.057458
0.20845
0.021259
0.092419
0.17476
0.090019
0.097232
0.060886
0.075676
0.029167
0.042153
0.13113
0.10555
0.13176
0.097723
0.16347
0.050375
0.0053202
0.057265
0.104
0.1002
0.041268
0.12327
0.11014
0.094073
0.068707
0.10947
0.23707
0.04493
0.21599
0.12276
0.076297
0.12159
0.018307
0.079465
0.16674
0.022498
0.10528
0.081445
0.072741
0.030577
0.056959
0.0675
0.18232
0.073757
0.076229
0.046733
0.12478
0.079818
0.050294
0.16622
0.10851
0.086497
0.05806
0.14418
0.0217
0.14179
0.093427
0.099423
0.10762
0.067065
0.049834
0.11244
0.092152
0.02869
0.16524
0.026796
0.16723
0.050015
0.076345
0.20831
0.030591
0.16062
0.1051
0.029781
0.17474
0.058844
0.1109
0.12772
0.055986
0.09363
0.093135
0.07444
0.081111
0.071212
0.082528
0.13927
0.043093
0.18156
0.11607
0.11406
0.031306
0.080255
0.098572
0.027609
0.081073
0.08005
0.081514
0.059386
0.11753
0.069779
0.076712
0.074502
0.078504
0.066315
0.057839
0.034104
0.09166
0.067887
0.11511
0.079579
0.037499
0.16446
0.058568
0.1143
0.13983
0.14714
0.071959
0.055964
0.072933
0.15079
0.11538
0.06464
0.02171
0.056776
0.091764
0.1331
0.13298
0.062344
0.1781
0.093575
0.058987
0.02072
0.089634
0.11412
0.032518
0.12018
0.066247
0.096707
0.02492
0.047763
0.077761
0.042925
0.062668
0.027866
0.03312
0.090024
0.035814
0.14466
0.20371
0.05676
0.14869
0.033491
0.048013
0.059085
0.089661
0.020616
0.081622
0.046592
0.082639
0.090646
0.13994
0.091559
0.066634
0.06863
0.028617
0.044462
0.10153
0.070226
0.060824
0.15675
0.070358
0.081637
0.11844
0.028755
0.18594
0.09204
0.029984
0.13335
0.10128
0.087532
0.18781
0.12177
0.013392
0.14367
0.075082
0.073384
0.072623
0.030059
0.096941
0.026182
0.09018
0.050514
0.010292
0.088395
0.068946
0.13822
0.014452
0.027488
0.20285
0.06577
0.019196
0.031206
0.047618
0.088932
0.055554
0.15637
0.068895
0.065044
0.094682
0.080354
0.092495
0.25302
0.052102
0.096124
0.058171
0.13276
0.14429
0.16753
0.076621
0.13452
0.097216
0.038704
0.13717
0.12173
0.12036
0.11451
0.0723
0.039005
0.073628
0.11451
0.12227
0.07004
0.075846
0.13611
0.17068
0.082107
0.059316
0.15743
0.020877
0.10919
0.057517
0.13619
0.02447
0.054324
0.051587
0.091002
0.11035
0.10911
0.040772
0.12164
0.094203
0.023495
0.011477
0.096211
0.21509
0.13839
0.066802
0.10704
0.043659
0.12393
0.058035
0.05584
0.05955
0.063454
0.033491
0.16902
0.18365
0.19445
0.089703
0.047067
0.021272
0.086608
0.14789
0.022658
0.033052
0.0848
0.081759
0.061381
0.028803
0.079291
0.051593
0.12425
0.052909
0.07593
0.13745
0.076612
0.06751
0.085603
0.1042
0.080436
0.073125
0.031938
0.12768
0.095145
0.045527
0.079376
0.12152
0.046561
0.036528
0.17143
0.091974
0.14543
0.014994
0.10324
0.060709
0.078232
0.010252
0.11509
0.049907
0.06164
0.1748
0.23498
0.13829
0.089605
0.012492
0.035865
0.07311
0.06282
0.089673
0.13373
0.048418
0.054854
0.11934
0.086431
0.11804
0.01689
0.1502
0.10438
0.12686
0.07055
0.071017
0.11104
0.1383
0.060438
0.11696
0.17472
0.17386
0.019257
0.092918
0.072891
0.24562
0.20659
0.11831
0.011465
0.097872
0.14936
0.062203
0.04277
0.13354
0.032159
0.079012
0.052752
0.082814
0.084356
0.022672
0.13155
0.055745
0.07479
0.11432
0.048518
0.084976
0.11251
0.011086
0.054641
0.10502
0.055677
0.063961
0.041057
0.037943
0.053948
0.092893
0.15958
0.1301
0.010402
0.11551
0.025015
0.14589
0.020623
0.18552
0.058104
0.11178
0.12188
0.028582
0.10755
0.11138
0.079397
0.070809
0.18314
0.16229
0.0062542
0.068181
0.041101
0.097085
0.050384
0.067166
0.037399
0.025936
0.078274
0.049027
0.046242
0.066651
0.058091
0.098593
0.15801
0.064787
0.041453
0.087182
0.15546
0.15134
0.14561
0.084552
0.040896
0.11731
0.056214
0.065158
0.054115
0.1193
0.1001
0.066215
0.087496
0.082222
0.11329
0.025565
0.048834
0.10333
0.080483
0.046976
0.13344
0.069937
0.11158
0.15045
0.077555
0.058417
0.073026
0.0775
0.10495
0.082933
0.039125
0.031445
0.12143
0.063843
0.11569
0.06603
0.030833
0.080353
0.088964
0.024066
0.21254
0.06062
0.064471
0.10653
0.10931
0.1289
0.067887
0.025855
0.044628
0.10384
0.11269
0.11228
0.083086
0.086611
0.041914
0.080585
0.075178
0.12457
0.063753
0.073493
0.11397
0.11878
0.050104
0.21643
0.13582
0.17608
0.060432
0.11033
0.063565
0.12879
0.11017
0.1858
0.030859
0.15754
0.15102
0.0791
0.13101
0.12145
0.069397
0.24057
0.058893
0.086837
0.14353
0.025692
0.071534
0.1102
0.22043
0.099581
0.04347
0.095978
0.039675
0.029023
0.069627
0.067361
0.0679
0.029418
0.040387
0.040851
0.084624
0.13754
0.059159
0.15254
0.16299
0.058232
0.077474
0.027835
0.085506
0.046823
0.095056
0.091179
0.026826
0.11419
0.16931
0.015518
0.034195
0.046231
0.062525
0.13922
0.087079
0.23511
0.064805
0.0629
0.12906
0.02685
0.1318
0.070483
0.059352
0.030158
0.060536
0.073334
0.18684
0.050125
0.093213
0.086266
0.11766
0.045061
0.028301
0.055759
0.008446
0.13029
0.052705
0.12785
0.11137
0.11184
0.17975
0.094251
0.19833
0.099216
0.079548
0.076338
0.091988
0.13497
0.038011
0.036163
0.16763
0.019878
0.096681
0.0024881
0.075071
0.044444
0.046975
0.061119
0.14771
0.13913
0.087679
0.04726
0.11107
0.10172
0.027371
0.082344
0.12119
0.034081
0.06578
0.090804
0.021311
0.026632
0.01919
0.10364
0.078971
0.16406
0.066293
0.11238
0.1042
0.15036
0.13545
0.13351
0.10414
0.036965
0.063008
0.049997
0.13969
0.049343
0.076931
0.0381
0.062571
0.08881
0.04699
0.11741
0.051219
0.088381
0.049488
0.13174
0.10099
0.054564
0.094536
0.15506
0.17037
0.11718
0.048585
0.046536
0.063154
0.051546
0.056771
0.099786
0.043834
0.11544
0.074884
0.091953
0.076867
0.017234
0.081667
0.14568
0.088201
0.026223
0.022729
0.15624
0.045979
0.062393
0.029043
0.033811
0.12953
0.053252
0.12441
0.077363
0.08531
0.017626
0.070699
0.018572
0.059525
0.091854
0.13984
0.084045
0.021077
0.032297
0.10953
0.10569
0.12386
0.093236
0.017525
0.071297
0.20266
0.027322
0.11314
0.085903
0.10015
0.093374
0.10613
0.18129
0.075572
0.028132
0.10837
0.028814
0.068501
0.13821
0.19737
0.052587
0.17208
0.11748
0.12818
0.08191
0.054363
0.07389
0.11671
0.10898
0.15169
0.029272
0.093477
0.031161
0.05232
0.019495
0.04241
0.10329
0.13861
0.047992
0.023913
0.22083
0.026967
0.029638
0.10455
0.08226
0.070522
0.11447
0.088266
0.067707
0.083018
0.082996
0.041379
0.096365
0.048623
0.11467
0.045194
0.04647
0.084108
0.031646
0.093695
0.020875
0.12098
0.13101
0.057801
0.12143
0.016184
0.06459
0.11813
0.11246
0.1625
0.16588
0.21125
0.13083
0.070343
0.15204
0.16091
0.07561
0.041754
0.098341
0.07775
0.07649
0.037844
0.043505
0.16024
0.11759
0.086741
0.13536
0.087564
0.022479
0.1062
0.14783
0.17472
0.072532
0.016759
0.056512
0.026786
0.091654
0.15113
0.11821
0.03826
0.068298
0.16872
0.052765
0.071212
0.093554
0.036752
0.012653
0.0099609
0.044677
0.081034
0.10808
0.082827
0.085419
0.026203
0.19218
0.19344
0.12411
0.081292
0.16269
0.11862
0.1851
0.084498
0.051978
0.049466
0.080431
0.029874
0.055794
0.13851
0.1593
0.09543
0.1012
0.073343
0.14438
0.019408
0.14678
0.095438
0.22192
0.12236
0.040513
0.05893
0.054988
0.078762
0.071822
0.10389
0.089755
0.020982
0.024219
0.077335
0.052158
0.089773
0.022723
0.056262
0.076088
0.0054125
0.11948
0.10133
0.069924
0.048088
0.034483
0.10093
0.05182
0.14445
0.021682
0.11858
0.11344
0.05463
0.047006
0.16269
0.017192
0.077375
0.033193
0.081467
0.027162
0.10301
0.12908
0.034014
0.086405
0.038201
0.13324
0.16363
0.099848
0.099356
0.16357
0.11496
0.022035
0.15608
0.071631
0.084004
0.1639
0.14457
0.15497
0.096074
0.06392
0.063418
0.056809
0.0054802
0.15719
0.08396
0.17524
0.062281
0.056768
0.14328
0.070531
0.027506
0.02423
0.085603
0.011118
0.039673
0.093723
0.034104
0.068336
0.17181
0.091535
0.04273
0.10177
0.084297
0.01936
0.13493
0.21493
0.065194
0.037722
0.068091
0.11771
0.017432
0.065231
0.12382
0.059541
0.13314
0.1497
0.093218
0.15948
0.049066
0.11839
0.029117
0.11912
0.07624
0.099837
0.080446
0.10951
0.13334
0.10763
0.15886
0.072934
0.07507
0.19552
0.036697
0.09086
0.11763
0.087544
0.13449
0.070516
0.0084528
0.15106
0.069467
0.015003
0.031028
0.11015
0.063404
0.13826
0.054195
0.087707
0.075525
0.14013
0.10448
0.077894
0.077208
0.073169
0.10586
0.082184
0.044028
0.079054
0.041892
0.15164
0.11801
0.048513
0.16435
0.059207
0.034577
0.096525
0.18225
0.10029
0.075342
0.088123
0.051433
0.10878
0.019606
0.028496
0.021418
0.065055
0.12259
0.037171
0.054412
0.1782
0.091426
0.067122
0.086591
0.064781
0.11341
0.13402
0.23418
0.21127
0.10083
0.090451
0.037323
0.066438
0.054926
0.053858
0.048688
0.10706
0.0076895
0.016725
0.028008
0.087908
0.10326
0.066349
0.057006
0.13721
0.012262
0.0071882
0.049809
0.098549
0.05548
0.047404
0.041571
0.075789
0.12609
0.11082
0.075109
0.063016
0.070371
0.058862
0.044121
0.068458
0.01122
0.12309
0.037048
0.090326
0.093533
0.087345
0.062043
0.079412
0.19821
0.062563
0.084962
0.1109
0.018517
0.2181
0.13194
0.076335
0.038421
0.12922
0.15263
0.12063
0.12143
0.092878
0.076608
0.16504
0.04603
0.080575
0.09667
0.066258
0.087468
0.057105
0.16504
0.12447
0.031279
0.073227
0.116
0.073808
0.018694
0.11574
0.20311
0.087606
0.18114
0.074819
0.068203
0.09531
0.039128
0.052608
0.07339
0.11234
0.13535
0.16736
0.10711
0.092887
0.071931
0.011697
0.11002
0.003766
0.069124
0.082134
0.01547
0.020947
0.087207
0.10136
0.080539
0.07144
0.018186
0.017148
0.012156
0.087519
0.041143
0.078661
0.0708
0.085135
0.083352
0.14332
0.093642
0.088649
0.11842
0.0959
0.098685
0.026646
0.062747
0.1627
0.27151
0.023751
0.027021
0.16363
0.086183
0.08594
0.066796
0.12371
0.042079
0.071544
0.068067
0.13271
0.088473
0.10226
0.056614
0.022232
0.083132
0.076606
0.12608
0.01665
0.073666
0.0082431
0.094063
0.20313
0.087797
0.050739
0.12932
0.040021
0.11055
0.10856
0.15115
0.071549
0.11498
0.03472
0.024092
0.057122
0.07017
0.070389
0.074635
0.086123
0.086397
0.05414
0.13189
0.12229
0.19093
0.033157
0.11245
0.12459
0.040049
0.13751
0.059606
0.01717
0.18495
0.075329
0.063628
0.052334
0.06994
0.030224
0.026237
0.065595
0.029606
0.057474
0.19201
0.12844
0.086715
0.17513
0.13459
0.057801
0.069334
0.080245
0.052815
0.10586
0.099693
0.058718
0.17889
0.086771
0.093612
0.055828
0.086556
0.094423
0.066085
0.18261
0.097892
0.086444
0.047504
0.10276
0.017199
0.094771
0.20361
0.086802
0.066992
0.15061
0.11803
0.035976
0.092878
0.11998
0.068857
0.065161
0.030952
0.063578
0.081271
0.143
0.13843
0.15368
0.028419
0.05791
0.075464
0.068468
0.12124
0.031248
0.073149
0.078988
0.14381
0.024573
0.15175
0.1266
0.067755
0.15056
0.12431
0.16561
0.037886
0.043881
0.048226
0.084104
0.058065
0.11315
0.057277
0.034522
0.064829
0.090747
0.084739
0.19442
0.16351
0.14609
0.059314
0.049103
0.12396
0.16737
0.072687
0.069879
0.025541
0.14976
0.11635
0.029207
0.010609
0.062313
0.088913
0.038899
0.095756
0.11185
0.14091
0.0065119
0.10282
0.067243
0.10382
0.06863
0.07726
0.086617
0.14134
0.03788
0.089682
0.16923
0.071876
0.14664
0.13218
0.077194
0.04721
0.051628
0.030233
0.11879
0.092696
0.13568
0.11751
0.096567
0.11603
0.071156
0.076559
0.10127
0.11727
0.087304
0.15754
0.08615
0.066283
0.12598
0.01911
0.088686
0.032568
0.05466
0.0056212
0.032439
0.11072
0.10586
0.048451
0.058643
0.13672
0.10768
0.21577
0.11805
0.11501
0.020728
0.1713
0.042566
0.044615
0.10525
0.098496
0.088752
0.041759
0.061933
0.13089
0.040794
0.03506
0.13957
0.14628
0.058226
0.16503
0.094872
0.10946
0.083753
0.021276
0.079771
0.05731
0.046642
0.13656
0.10359
0.025059
0.053948
0.035199
0.15052
0.10227
0.12356
0.084869
0.12151
0.13462
0.044699
0.084201
0.019551
0.029664
0.10143
0.084098
0.029417
0.12258
0.058015
0.10386
0.054816
0.095702
0.052883
0.16099
0.061682
0.085938
0.077324
0.041675
0.01268
0.080917
0.066889
0.093463
0.088219
0.10282
0.061651
0.061621
0.07812
0.085764
0.084733
0.082078
0.019838
0.0064918
0.11186
0.047914
0.025557
0.12259
0.0071955
0.046734
0.076818
0.061174
0.13981
0.13429
0.043496
0.075218
0.036396
0.13587
0.15559
0.12678
0.12137
0.07103
0.040386
0.17427
0.12197
0.076487
0.075219
0.0090393
0.0062222
0.11166
0.10535
0.10411
0.064756
0.11402
0.081351
0.09669
0.17515
0.092377
0.066962
0.062262
0.12171
0.046721
0.10986
0.080255
0.13558
0.082976
0.016948
0.1125
0.084851
0.061926
0.08983
0.10191
0.039917
0.076922
0.018259
0.015384
0.14444
0.064414
0.039543
0.043496
0.083256
0.11562
0.1434
0.12049
0.049417
0.099952
0.13044
0.085979
0.11034
0.079233
0.030232
0.08693
0.041709
0.19158
0.17053
0.062587
0.038708
0.10168
0.045938
0.11369
0.098216
0.021467
0.082186
0.12918
0.01666
0.043484
0.065208
0.14865
0.045618
0.048781
0.092254
0.13194
0.11568
0.095728
0.10001
0.11444
0.11072
0.11803
0.18526
0.15021
0.15213
0.023779
0.068663
0.061139
0.049206
0.060296
0.071164
0.080962
0.11029
0.062937
0.094653
0.12063
0.20548
0.017795
0.066842
0.047861
0.085606
0.087828
0.031921
0.060971
0.1668
0.059621
0.0027525
0.13246
0.062983
0.089335
0.099913
0.0046875
0.080306
0.046542
0.096468
0.047681
0.12505
0.10635
0.066901
0.1174
0.08027
0.068257
0.19226
0.11083
0.057289
0.082224
0.076997
0.02193
0.065855
0.031674
0.032535
0.077965
0.17068
0.1116
0.03018
0.098528
