0.12546
0.10757
0.028246
0.021392
0.057223
0.0065213
0.037911
0.11676
0.015967
0.13822
0.0067852
0.020486
0.0068535
0.11652
0.065344
0.033883
0.00014622
0.22932
0.097841
0.14283
0.0068198
0.17059
0.20302
0.035075
0.060528
0.071976
0.017028
0.21611
0.20944
0.0042502
0.043725
0.00066966
0.13015
0.0041566
0.034966
0.068674
0.16618
0.10173
0.22399
0.29149
0.039407
0.00553
0.026427
0.23479
0.012122
0.2308
0.016763
0.092461
0.010726
0.051607
0.058345
0.062804
0.084912
0.073279
0.074279
0.041722
0.18385
0.073669
0.0090274
0.054837
0.0074618
0.14252
0.09622
0.014498
0.019405
0.0066386
0.12122
0.081224
0.029482
0.0058855
0.066161
0.039424
0.029989
0.018559
0.011675
0.063975
0.026449
0.020518
0.059972
0.037988
0.030042
0.13993
0.10257
0.054279
0.12336
0.062689
0.017625
0.031724
0.10414
0.31062
0.037571
0.031698
0.072071
0.0098985
0.057722
0.058007
0.0078291
0.090926
0.10023
0.012173
0.013516
0.015844
0.042298
0.0013471
0.10832
0.023197
0.092332
0.2963
0.10136
0.00073639
0.076462
0.00068456
0.10495
0.034393
0.026714
0.026685
0.024603
0.17114
0.15554
0.042599
0.052714
0.036242
0.0074184
0.080764
0.066988
0.018394
0.095341
0.041101
0.014745
0.18893
0.042362
0.018874
0.22601
0.093535
0.22413
0.10308
0.093657
0.058326
0.025192
0.072404
0.051872
0.16177
0.033217
0.067604
0.012506
0.0035211
0.11021
0.022414
0.0024854
0.030027
0.040937
0.059212
0.16148
0.05918
0.030338
0.06868
0.082393
0.12403
0.12743
0.12265
0.16547
0.037024
0.0031436
0.0022156
0.010037
0.024125
0.022217
0.014081
0.10356
0.088721
0.0030669
0.086959
0.013777
0.013684
0.064128
0.0059134
0.14267
0.35524
0.014443
0.084027
0.16103
0.046211
0.12083
0.033993
0.069312
0.068979
0.027329
0.0069331
0.035394
0.087052
0.02646
0.11955
0.089973
0.14057
0.12859
0.012651
0.13635
0.12046
0.022835
0.013186
0.088897
0.06477
0.018391
0.0056925
0.064954
0.14296
0.018099
0.11488
0.26999
0.024262
0.087753
0.18488
0.11417
0.22028
0.018101
0.06346
0.20947
0.0021044
0.093183
0.12246
0.038689
0.018669
0.031791
0.12001
0.031111
0.17546
0.029253
0.016975
0.0029149
0.015198
0.010338
0.044656
0.0069258
0.18059
0.1849
0.02836
0.15993
0.036431
0.0018616
0.090203
0.044668
0.093733
0.08555
0.036813
0.011816
0.11757
0.076109
0.11962
0.064456
0.055851
0.021731
0.14591
0.0096879
0.0032333
0.0045034
0.073234
0.019982
0.014272
0.021856
0.074364
0.083697
0.0019353
0.017686
0.20525
0.03264
0.018588
0.023683
0.054837
0.022106
0.045362
0.020672
0.037435
0.017619
0.048136
0.10874
0.009071
0.01274
0.042174
0.22739
0.055498
0.022623
0.0088647
0.19116
0.053762
0.3131
0.12619
0.077396
0.02567
0.035662
0.001632
0.074513
0.16274
0.011264
0.018822
0.012894
0.015368
0.0013823
0.088452
0.10959
0.12982
0.29532
0.10369
0.10374
0.0071915
0.057448
0.00012663
0.27606
0.0096521
0.05959
0.14498
0.034331
0.082355
0.17773
0.081252
0.032878
0.14828
0.025274
0.055476
0.059782
0.04452
0.035483
0.10358
0.055651
0.012163
0.029383
0.052366
0.02219
0.17982
0.060423
0.023914
0.0087552
0.17787
0.093739
0.16131
0.054974
0.021942
0.032452
0.037962
0.12973
0.067791
0.0038562
0.15566
0.046147
0.23488
0.12735
0.0536
0.067737
0.006065
0.039748
0.076091
0.21901
0.048468
0.050925
0.0089445
0.024755
0.041067
0.012696
0.17759
0.046624
0.093788
0.0053878
0.068531
0.28246
0.11303
0.023255
0.0090847
0.025212
0.097737
0.018715
0.11562
0.047974
0.087219
0.031799
0.02865
0.044139
0.028703
0.0084329
0.056529
0.10416
0.029875
0.014318
0.00223
0.010989
0.074491
0.20723
0.042193
0.03252
0.10293
0.036475
0.020518
0.034924
0.034852
0.097148
0.019196
0.096889
0.003371
0.068278
0.063648
0.08142
0.10081
0.0040444
0.090626
0.10605
0.23415
0.095742
0.16869
0.023685
0.10441
0.014039
0.022132
0.10689
0.02949
0.18192
0.02676
0.035194
0.010012
0.078915
0.14052
0.13396
0.064905
0.085633
0.088527
0.18059
0.052682
0.23939
0.052676
0.25213
0.076039
0.042799
0.0054851
0.31304
0.091259
0.033354
0.086843
0.084834
0.019473
0.11559
0.21392
0.0054139
0.21919
0.2178
0.051573
0.0020521
0.23526
0.062667
0.018822
0.014678
0.13288
0.069979
0.0085845
0.073439
0.042305
0.088009
0.10103
0.080548
0.036745
0.064155
0.032958
0.057985
0.075094
0.077308
0.003688
0.14153
0.058424
0.002876
0.0062022
0.33098
0.30097
0.065372
0.22741
0.01261
0.015836
0.058079
0.034137
0.10676
0.031345
0.10368
0.012335
0.065429
0.0087151
0.0071712
0.0090976
0.052137
0.037447
0.17191
0.32612
0.055961
0.071257
0.00026382
4.6422e-06
0.095286
0.053586
0.0137
0.043754
0.052781
0.2798
0.33268
0.031607
0.012833
0.012548
0.02243
0.11448
0.051315
0.052443
0.037568
0.054191
0.090839
0.26765
0.23715
0.055368
0.22581
0.011475
0.0861
0.067843
0.44611
0.070376
0.029289
0.067076
0.11751
0.010841
0.012958
0.089182
0.075826
0.11285
0.0054979
0.14021
0.037176
0.15285
0.14441
0.01207
0.12659
0.0033362
0.079494
0.41202
0.012685
0.013423
0.048828
0.058789
0.19097
0.076289
0.051346
0.0024805
0.065096
0.016867
0.0089858
0.015113
0.056492
0.021341
0.33134
0.082917
0.12036
0.036932
0.086838
0.12564
0.012025
0.026635
0.087022
0.0046013
0.04201
0.066218
0.12377
0.12997
0.34704
0.013506
0.099654
0.071891
0.026727
0.013138
0.063921
0.027119
0.0096835
0.036712
0.0011376
0.13635
0.037118
0.03035
0.13919
0.14812
0.1516
0.1844
0.007098
0.012908
0.081016
0.18488
0.086602
0.20852
0.18828
0.026048
0.070201
0.051856
0.10252
0.025965
0.011464
0.13513
0.073059
0.071779
0.051486
0.13592
0.069262
0.41136
0.0072638
0.066344
0.024607
0.17836
0.1919
0.019796
0.0065788
0.11513
0.062687
0.12292
0.17351
0.19011
0.00061178
0.064715
0.10726
0.025355
0.074976
0.042272
0.020302
0.027334
0.0045085
0.022105
0.13599
0.054821
0.095034
0.012048
0.032842
0.030098
0.16717
0.039407
0.079871
0.071237
0.12879
0.015065
0.0046619
0.0084157
0.040623
0.067719
0.36638
0.2324
0.051876
0.057722
0.33433
0.061345
0.28017
0.021185
0.066292
0.0032701
0.045109
0.011068
0.044299
0.058676
0.041599
0.0053302
0.33515
0.099477
0.19978
0.032133
0.037126
0.18382
0.032175
0.17245
0.03648
0.13728
0.092341
0.084821
0.013342
0.11799
0.016562
0.044651
0.042317
0.032599
0.13918
0.062029
0.080427
0.16629
0.10384
0.023492
0.03952
0.086038
0.082505
0.058883
0.079433
0.02538
0.056313
0.21988
0.0014164
0.20296
0.073345
0.024117
0.029185
0.34018
0.048284
0.072392
0.09216
0.057197
0.00012997
0.0037824
0.016471
0.0028224
0.084942
0.010168
0.077615
0.13171
0.10744
0.043255
0.059896
0.025184
0.015712
0.018802
0.081496
0.14993
0.14566
0.080103
0.055878
0.055664
0.066873
0.18934
0.021368
0.053937
0.0060497
0.0471
0.11689
0.030062
0.099322
0.011959
0.10036
0.035387
0.051892
0.026847
0.05662
0.11627
0.06998
0.10017
0.085186
0.029498
0.025832
0.041944
0.21074
0.11227
0.15291
0.017685
0.017617
0.031886
0.068805
0.080372
0.16885
0.1874
0.13
0.0069991
0.02055
0.013323
0.000308
0.023314
0.22859
0.29875
0.017119
0.030255
0.0065539
0.014031
0.04341
0.021258
0.012449
0.073313
0.16479
0.06411
0.11846
0.16475
0.20839
0.055128
0.076291
0.14005
0.017824
0.5193
0.053171
0.099027
0.093004
0.03426
0.061929
0.037707
0.074557
0.10026
0.14936
0.05234
0.052047
0.047441
0.05999
0.035497
0.075594
0.12352
0.25191
0.0087283
0.22992
0.096543
0.21441
0.18282
0.0035484
0.050373
0.012716
0.038474
0.021532
0.18548
0.070847
0.0020481
0.27249
0.15977
0.26578
0.11666
0.15485
0.022025
0.23573
0.1218
0.0021364
0.10291
0.075005
0.21671
0.1234
0.013798
0.038487
0.024942
0.15263
0.0012062
0.031842
0.0093393
0.11021
0.038605
0.067567
0.074973
0.0087296
0.013739
0.048175
0.018139
0.18181
0.084026
0.04887
0.064058
0.17979
0.039116
0.035115
0.043305
0.06586
0.031114
0.12923
0.0080712
0.0011288
0.0047995
0.089403
0.19737
0.33276
0.026896
0.0086317
0.036803
0.10233
0.12931
0.0014751
0.070281
0.037987
0.0063813
0.036636
0.14582
0.11432
0.0052369
0.056105
0.05723
0.049785
0.0088062
0.057604
0.20251
0.02159
0.057614
0.13865
0.096088
0.10128
0.096476
0.0050135
0.070571
0.068937
0.060423
0.091237
0.012155
0.046637
0.047078
0.19536
0.081937
0.086224
0.014076
0.093547
0.086313
0.018165
0.040634
0.17978
0.023641
0.083428
0.10249
0.1121
0.013553
0.045311
0.11379
0.10179
0.0094384
0.05299
0.017374
0.0082963
0.028599
0.056214
0.070098
0.056021
0.045141
0.015748
0.052885
0.12381
0.056812
0.25681
0.26779
0.041997
0.1228
0.039708
0.17743
0.11221
0.014454
0.0073673
0.16819
0.13567
0.0062027
0.0095404
0.0013906
0.029324
0.02517
0.0056235
0.026643
0.058687
0.042103
0.027059
0.17039
0.016585
0.057726
0.030473
0.0092184
0.029536
0.35545
0.093808
0.047861
0.038352
0.049653
0.29554
0.049464
0.3061
0.015852
0.023026
0.059594
0.021048
0.043474
0.089639
0.079481
0.13932
0.079142
0.01216
0.23986
0.0032299
0.31034
0.056838
0.075816
0.030128
0.046463
0.0096732
0.04479
0.027803
0.053923
0.034714
0.12782
0.058862
0.17923
0.0041674
0.078806
0.012577
0.001782
0.092647
0.014374
0.23734
0.011496
0.085814
0.094134
0.0090531
0.051963
0.10532
0.0050422
0.01728
0.17782
0.001206
0.16737
0.051295
0.17615
0.18994
0.046436
0.0070114
0.21594
0.010485
0.056261
0.084493
0.015772
0.0045407
0.034486
0.0018907
0.054035
0.0082284
0.048273
0.016151
0.011175
0.015967
0.019987
0.010148
0.26606
0.0015253
0.010597
0.034697
0.027873
0.0043663
0.066266
0.0076389
0.0014382
0.064687
0.10857
0.036942
0.040909
0.35226
0.049449
0.051971
0.006683
0.13557
0.041098
0.39093
0.017158
0.04254
0.09893
0.11461
0.18108
0.050122
0.15422
0.021355
0.23696
0.33678
0.015616
0.014667
0.13608
0.019222
0.092607
0.0058553
0.010371
0.12377
0.049025
0.025273
0.017986
0.013221
0.059605
0.011876
0.036353
0.11804
0.15284
0.15028
0.020656
0.054757
0.086913
0.015052
0.025264
0.25823
0.01831
0.022413
0.029364
0.054947
0.12766
0.03266
0.14094
0.074445
0.14609
0.22723
0.02947
0.20753
0.044572
0.0042815
0.17214
0.045211
0.15736
0.17046
0.017711
0.0090349
0.097051
0.045321
0.30119
0.093228
0.0078244
0.041546
0.043144
0.011617
0.014706
0.15052
0.22676
0.010667
0.068503
0.14906
0.1164
0.092586
0.021772
0.09106
0.29924
0.015112
0.00070849
0.0017669
0.040005
0.043483
0.080504
0.011149
0.0157
0.10094
0.058916
0.20921
0.34359
0.014168
0.18084
0.054235
0.014633
0.034064
0.038121
0.031373
0.015189
0.065149
0.2251
0.11802
0.01029
0.045433
0.12843
0.19738
0.12963
0.0029465
0.076409
0.025119
0.16319
0.039232
0.11255
0.019974
0.092429
0.096282
0.0098726
0.087507
0.15782
0.050679
0.12072
0.0081255
0.06797
0.057005
0.19482
0.0031667
0.058218
0.13733
0.21869
0.017346
0.34202
0.12658
0.027355
0.054658
0.015678
0.13944
0.013693
0.094746
0.042934
0.0023712
0.012347
0.026242
0.031824
0.018147
0.017597
0.082586
0.29409
0.046624
0.11243
0.079653
0.068005
0.036276
0.013509
0.011225
0.0044036
0.0093682
0.16659
0.02672
0.035223
0.20689
0.020456
0.091099
0.081142
0.16389
0.10638
0.073628
0.0019989
0.086556
0.046472
0.021088
0.047386
0.097586
0.057667
0.032584
0.0041476
0.0079348
0.013369
0.021493
0.15686
0.033088
0.041249
0.066383
0.025887
0.0033406
0.21526
0.10147
0.045106
0.020732
0.11537
0.055457
0.12069
0.00233
0.095295
0.030201
0.078092
0.074985
0.076174
0.046751
0.087238
0.10688
0.011775
0.1995
0.011795
0.014493
0.060193
0.020918
0.022084
0.13688
0.0030831
0.010387
0.040517
0.29457
0.13294
0.094767
0.048458
0.02795
0.25858
0.079111
0.044352
0.08573
0.10801
0.045542
0.017407
0.0059033
0.01465
0.0080948
0.044035
0.0045348
0.24599
0.02616
0.036294
0.12628
0.027824
0.0096568
0.20322
0.0050986
0.037516
0.090646
0.045927
0.18999
0.10958
0.083089
0.011857
0.17907
0.0244
0.099192
0.16453
0.014711
0.02167
0.02152
0.18265
0.027401
0.060879
0.18313
0.042733
0.016002
0.14997
0.011639
0.0025848
0.182
0.074619
0.021135
0.095783
0.010818
0.14618
0.0042129
0.048047
0.014068
0.015067
0.073955
0.10458
0.020705
0.014813
0.10278
0.023437
0.038619
0.070989
0.033815
0.061924
0.023238
0.17602
0.14252
0.046649
0.069368
0.0867
0.12018
0.020885
0.025568
0.013998
0.14649
0.016451
0.18361
0.050733
0.13769
0.036177
0.14943
0.0067369
0.022394
0.0060735
0.01442
0.33274
0.088718
0.09687
0.16785
0.013191
0.0017987
0.050226
0.047231
0.049426
0.088042
0.047209
0.134
0.049852
0.1131
0.062874
0.11052
0.012701
0.23019
0.1285
0.0091626
0.020428
0.15614
0.08106
0.047978
0.15521
0.045926
0.068171
0.07681
0.043976
0.012808
0.013638
0.019128
0.14756
0.038624
0.13544
0.060831
0.24063
0.013803
0.049634
0.006662
0.025101
0.073549
0.038884
0.039616
0.0089791
0.0025553
0.044087
0.084834
0.010466
0.0036791
0.023847
0.006892
0.031594
0.0053336
0.15328
0.052116
0.057611
0.06162
0.023822
0.055163
0.14481
0.0319
0.017244
0.035432
0.064775
0.10563
0.042415
0.091435
0.015748
0.087308
0.04621
0.0080357
0.22062
0.030955
0.02771
0.0043506
0.0036387
0.016489
0.011921
0.13918
0.087811
0.020762
0.25922
0.25116
0.00033039
0.11826
0.032447
0.062172
0.10179
0.096228
0.0057492
0.011753
0.18024
0.15637
0.031665
0.069373
0.053358
0.40829
0.019763
0.33696
0.030744
0.0087817
0.0032473
0.11354
0.075671
0.043689
0.016427
0.010504
0.14131
0.048003
0.26748
0.041306
0.0095401
0.057957
0.10492
0.1327
0.011558
0.0071884
0.11951
0.0047208
0.04975
0.01423
0.0027677
0.00098646
0.078606
0.051142
0.034197
0.14603
0.1885
0.10939
0.15405
0.026645
0.32914
0.038342
0.0022191
0.042506
0.054177
0.14572
0.032856
0.027575
0.043011
0.04075
0.28956
0.02323
0.0323
0.3637
0.034537
0.15087
0.034163
0.086687
0.034965
0.039312
0.017114
0.0099477
0.025894
0.046784
0.029199
0.047598
0.070672
0.14022
0.11528
0.16234
0.12578
0.21463
0.0094616
0.02523
0.16343
0.12804
0.072916
0.025725
0.077449
0.098342
0.17435
0.01837
0.053113
0.040242
0.23481
0.06838
0.014243
0.073437
0.070158
0.099569
0.11225
0.01013
0.26517
0.025361
0.097471
0.039943
0.020843
0.0043769
0.10691
0.069421
0.28364
0.059893
0.036865
0.035359
0.054436
0.071403
0.04524
0.04384
0.022683
0.16397
0.031691
0.013428
0.099201
0.021594
0.058558
0.13926
0.021375
0.0033378
0.1123
0.22923
0.17132
0.017842
0.074231
0.044486
0.14944
0.054034
0.0046409
0.0085321
0.068988
0.062312
0.089216
0.17896
0.066462
0.090757
0.0010467
0.065916
0.071982
0.073269
0.14144
0.068927
0.053567
0.099181
0.034178
0.037914
0.027636
0.10756
0.056447
0.089052
0.034758
0.0015462
0.019894
0.073445
0.061787
0.047234
0.032062
0.019438
0.07065
0.029218
0.099539
0.15462
0.33963
0.25566
0.08195
0.017685
0.06564
0.15067
0.09146
0.16065
0.01419
0.063774
0.17961
0.0049183
0.0031794
0.10114
0.013751
0.010516
0.037503
0.061134
0.029423
0.090912
0.05248
0.083658
0.046663
0.027131
0.080228
0.13843
0.034401
0.085324
0.051441
0.037776
0.030948
0.0065836
0.18943
0.053135
0.041128
0.024274
0.13617
0.047115
0.029438
0.28856
0.028049
0.076717
0.003555
0.0401
0.068416
0.079754
0.2534
0.13611
0.071784
0.11165
0.16073
0.066796
0.00098889
0.047843
0.053807
0.094344
0.044878
0.09146
0.24166
0.058846
0.028266
0.027759
0.042726
0.074922
0.23767
0.043191
0.10027
0.092549
0.052686
0.084041
0.019178
0.021446
0.10544
0.079417
0.10233
0.056348
0.062282
0.0072882
0.019054
0.036676
0.057556
0.093933
0.0086987
0.032782
0.026744
0.12348
0.015642
0.03024
0.025458
0.023563
0.050118
0.24615
0.060701
0.0295
0.018225
0.0612
0.19398
0.030774
0.015926
0.0047947
0.16989
0.0057839
0.025296
0.093282
0.04923
0.029889
0.075973
0.023539
0.0048406
0.011112
0.00032752
0.11502
0.14887
0.07462
0.19931
0.052931
0.2007
0.0079029
0.05442
0.15077
0.044876
0.1811
0.018939
0.090503
0.097607
0.076632
0.080776
0.034098
0.07222
0.054319
0.0061377
0.067101
0.068764
0.054779
0.011092
0.0058808
0.061918
0.034584
0.020983
0.082698
0.036407
0.13885
0.10195
0.11851
0.06953
0.098888
0.062833
0.023415
0.11558
0.21014
0.20605
0.11148
0.016968
0.0058724
0.083485
0.067329
0.056239
0.011178
0.031095
0.055487
0.011995
0.057795
0.2317
0.04199
0.055225
0.005266
0.39995
0.0031433
0.015299
0.022639
0.022971
0.13371
0.09241
0.0054112
0.101
0.012551
0.056431
0.15718
0.039558
0.025982
0.043258
0.032626
0.011758
0.055296
0.097025
0.00016655
0.055758
0.014904
0.024406
0.053893
0.002641
0.22279
0.17388
0.023913
0.18457
0.036613
0.057946
0.057504
0.067995
0.043008
0.023191
0.17431
0.05926
0.17198
0.15655
0.085211
0.18589
0.0075331
0.033158
0.042814
0.14542
0.042164
0.036965
0.099521
0.14473
0.051364
0.10569
0.19593
0.23826
0.20094
0.05809
0.049121
0.012067
0.096414
0.4194
0.048338
0.038298
0.07775
0.060261
0.01629
0.19258
0.20872
0.016524
0.10816
0.11429
0.078342
0.33934
0.074944
0.017142
0.020267
0.074139
0.01522
0.057991
0.11247
0.020836
0.068334
0.27617
0.079449
0.066101
0.056288
0.097992
0.059094
0.063359
0.0036961
0.0421
0.056296
0.11748
0.034763
0.084612
0.030319
0.0086325
0.08941
0.094268
0.18315
0.12427
0.0025396
0.035232
0.07041
0.11612
0.038194
0.012461
0.0088092
0.040473
0.032803
0.063947
0.15007
0.043437
0.0007376
0.079789
0.051268
0.08225
0.3299
0.066142
0.10917
0.033161
0.072459
0.0074534
0.069906
0.068588
0.14916
0.055009
0.075069
0.093914
0.020298
0.16178
0.049127
0.013051
0.078145
0.082052
0.0029617
0.0918
0.11694
0.0052067
0.032946
0.071124
0.07132
0.056566
0.086643
0.0033565
0.010723
0.05428
0.17328
0.044935
0.075989
0.040662
0.22913
0.028868
0.020541
0.016299
0.0097127
0.030762
0.0084663
0.011945
0.034522
0.071781
0.049818
0.2576
0.16363
0.045099
0.00087292
0.080654
0.0068092
0.060268
0.06284
0.0035868
0.037192
0.012766
0.0861
0.048073
0.037642
0.01648
0.067202
0.23834
0.018749
0.019669
0.030983
0.0042019
0.073384
0.16003
0.03406
0.0094258
0.14218
0.050117
0.060638
0.10048
0.017602
0.067732
0.20605
0.1499
0.051262
0.098171
0.063071
0.018781
0.015544
0.043717
0.019846
0.081347
0.26331
0.012587
0.084891
0.073074
0.020897
0.004706
0.1611
0.03324
0.19914
0.066483
0.004917
0.040237
0.21452
0.10527
0.02805
0.0043461
0.08822
0.069541
0.030844
0.37669
0.065856
0.039891
0.0096196
0.042165
0.023066
0.069971
0.011472
0.034319
0.043009
0.24933
0.037241
0.072211
0.12037
0.060871
0.030133
0.10261
0.029217
0.0046451
0.062937
0.10198
0.019143
0.068558
0.039259
0.13371
0.10947
0.0097795
0.15534
0.098554
0.1136
0.10367
0.30696
0.17438
0.035107
0.028994
0.00071407
0.011757
0.2513
0.028537
0.17866
0.017169
0.20524
0.034859
0.034297
0.028247
0.059135
0.16629
0.018562
0.016783
0.036438
0.088774
0.054302
0.15409
0.071912
0.040497
0.011394
0.21365
0.03002
0.025013
0.16955
0.0063693
0.19623
0.18567
0.018445
0.16719
0.40353
0.31296
0.044831
0.003392
0.16235
0.18311
0.033926
0.11938
0.11003
0.13324
0.0085336
0.065956
0.061992
0.13006
0.0059425
0.018536
0.13388
0.1197
0.018789
0.054247
0.090221
0.20139
0.024153
0.0034384
0.27325
0.1247
0.14059
0.12361
0.091188
0.012271
0.053561
0.041985
0.043607
0.060491
0.20568
0.1262
0.072221
0.045996
0.066487
0.060533
0.0069388
0.061412
0.1189
0.10247
0.35718
0.015949
0.0059921
0.055372
0.033435
0.093903
0.14919
0.11383
0.046942
0.024431
0.13775
0.11925
0.064503
0.037119
0.11367
0.19144
0.081949
0.15675
0.06077
0.18249
0.027012
0.078818
0.021794
0.058831
0.045021
0.099577
0.14735
0.118
0.032218
0.10685
0.1769
0.031873
0.12973
0.079395
0.048421
0.17846
0.04822
0.05265
0.038729
0.14318
0.10203
0.018651
0.065551
0.1564
0.10177
0.033586
0.054558
0.074689
0.077808
0.011342
0.035096
0.06235
0.32807
0.10862
0.033824
0.054531
0.069647
0.021599
0.10817
0.10816
0.055752
0.0017513
0.025464
0.15403
0.038143
0.024107
0.083522
0.092126
0.1166
0.13557
0.26381
0.15956
0.017484
0.1492
0.0021861
0.12873
0.053951
0.11781
0.056409
0.06679
0.39105
0.1272
0.022244
0.089682
0.082073
0.031812
0.040662
0.069882
0.01806
0.02981
0.0028847
0.0096426
0.039168
0.0029845
0.059991
0.04171
0.075786
0.017821
0.069721
0.10305
0.10599
0.02058
0.027805
0.066195
0.079291
0.011274
0.023486
0.096138
0.10332
0.058971
0.13054
0.060658
0.0058058
0.051455
0.042074
0.011405
0.065186
0.088779
0.022614
0.01419
0.043609
0.032453
0.062178
0.16391
0.058105
0.047351
0.051907
0.047092
0.094309
0.075807
0.07489
0.096277
0.36503
0.11437
0.13173
0.022393
0.018566
0.091577
0.074459
0.11361
0.062214
0.005204
0.016232
0.070578
0.026811
0.26578
0.014749
0.0060892
0.25231
0.064044
0.017033
0.20305
0.086078
0.12274
0.010207
0.02232
0.098899
0.058209
0.023352
0.087821
0.095344
0.013044
0.04565
0.076918
0.18447
0.059224
0.0318
0.07117
0.034449
0.0026735
0.13778
0.16069
0.0072982
0.026051
0.032645
0.015021
0.039178
0.098196
0.23273
0.012001
0.21624
0.0569
0.036387
0.026562
0.082088
0.027126
0.050338
0.1301
0.16457
0.03503
0.15655
0.019803
0.13058
0.047426
0.037612
0.029119
0.01214
0.047402
0.006765
0.20945
0.0031225
0.011832
0.23377
0.03331
0.008331
0.12468
0.15916
0.037635
0.28652
0.085808
0.0074742
0.18903
0.047148
0.012379
0.070021
0.070324
0.033441
0.088411
0.147
0.064315
0.0020048
0.014256
0.10273
0.10224
0.050245
0.029364
0.068477
0.040086
0.040441
0.013518
0.10215
0.075686
0.01248
0.12287
0.1543
0.011669
0.020568
0.021765
0.041386
0.090386
0.036255
0.023305
0.010429
0.075521
0.1787
0.023856
0.13771
0.021453
0.030866
0.11882
0.049653
0.039023
0.01206
0.27569
0.045292
0.18507
0.08384
0.021446
0.046522
0.14926
0.010117
0.2077
0.086805
0.279
0.099607
0.12313
0.020963
0.18363
0.11985
0.18871
0.019576
0.041876
0.089314
0.037264
0.0083362
0.10581
0.073757
0.1269
0.016121
0.22155
0.062451
0.10924
0.077951
0.14364
0.042159
0.046661
0.15084
0.0017526
0.024528
0.17345
0.18512
0.050778
0.088762
0.058133
0.17471
0.0020344
0.021317
0.0097803
0.031814
0.015904
0.11866
0.01716
0.10609
0.02335
0.073348
0.34449
0.14131
0.13761
0.060427
0.07641
0.1223
0.15433
0.029865
0.032872
0.11619
0.082846
0.024058
0.17725
0.016536
0.07438
0.093529
0.012914
0.044597
0.082451
0.051786
0.090475
0.056235
0.06414
0.018902
0.047948
0.069477
0.11496
0.12051
0.017447
0.0049349
0.10849
0.014067
0.31847
0.15405
0.01355
0.091028
0.047407
0.017624
0.30593
0.090677
0.065153
0.39959
0.062955
0.046526
0.11029
0.043107
0.037451
0.078193
0.18271
0.02398
0.028409
0.080206
0.021802
0.027398
0.040838
0.089698
0.04587
0.11977
0.14389
0.050752
0.092121
0.039728
0.057896
0.045283
0.15223
0.059821
0.070884
0.063716
0.029287
0.10979
0.11394
0.16059
0.04735
0.047816
0.18064
0.089341
0.13777
0.012889
0.081594
0.050292
0.084735
0.009233
0.1672
0.014317
0.10088
0.11069
0.082972
0.14162
0.016945
0.20727
0.024729
0.022174
0.21391
0.018349
0.18248
0.26998
0.0084912
0.024361
0.18152
0.04251
0.077217
0.020541
0.01518
0.012926
0.060503
0.065529
0.037568
0.0076163
0.020975
0.0112
0.14081
0.0094944
0.070264
0.035494
0.16612
0.013467
0.0075985
0.14438
0.14554
0.025575
0.048628
0.15967
0.014734
0.050298
0.017842
0.193
0.11671
0.012992
0.037472
0.027617
0.16822
0.006518
0.01923
0.032916
0.18928
0.016119
0.00039111
0.14134
0.0074533
0.039753
0.11736
0.029554
0.028263
0.0042963
0.24401
0.16783
0.035519
0.020306
0.23423
0.03041
0.067517
0.021326
0.080075
0.12615
0.0082608
0.17427
0.044119
0.11089
0.026247
0.037696
0.062244
0.01972
0.085341
0.14654
0.037638
0.10073
0.3175
0.0022954
0.16841
0.11533
0.17032
0.0022565
0.14574
0.029177
0.1629
0.026598
0.0079259
0.024366
0.11419
0.1196
0.026762
0.019287
0.070931
0.0171
0.21577
0.13267
0.10112
0.0039341
0.14297
0.08061
0.086782
0.015896
0.14528
0.050369
0.075571
0.0050307
0.004124
0.00049166
0.076801
0.076008
0.03212
0.16102
0.069091
0.16075
0.0536
0.0081329
0.028555
0.050059
0.038138
0.16632
0.15562
0.069205
0.027369
0.027422
0.039482
0.022157
0.042753
0.073845
0.00052608
0.039878
0.0062489
0.010775
0.18811
0.099006
0.22509
0.14752
0.023169
0.072263
0.028658
0.1885
0.032863
0.0746
0.065811
0.018582
0.094314
0.075163
0.010537
0.0082633
0.01951
0.092044
0.31552
0.14025
0.10661
0.059013
0.075782
0.25842
0.00044028
0.17204
0.015234
0.0051253
0.014683
0.14092
0.1303
0.080844
0.03156
0.0059878
0.14533
0.0056456
0.016688
0.13752
0.043952
0.20817
0.002307
0.11382
0.0097533
0.034362
0.072278
0.06933
0.14654
0.28374
0.19351
0.14454
0.0020196
0.13916
0.025531
0.1181
0.10659
0.05527
0.43751
0.24262
0.042745
0.010496
0.12329
0.002943
0.052018
0.03368
0.12657
0.18499
0.063058
0.094663
0.048818
0.037991
0.095954
0.087097
0.7492
0.18952
0.0038046
0.13094
0.028959
0.031769
0.075282
0.021121
0.10602
0.12164
0.019244
0.012404
0.0945
0.015642
0.054791
0.086089
0.14942
0.10467
0.034457
0.19671
0.016958
0.042621
0.023244
0.034357
0.0024199
0.0018952
0.028469
0.16367
0.016546
0.024959
0.0058251
0.18047
0.021753
0.075759
0.05634
0.045856
0.16844
0.18595
0.047828
0.18249
0.14888
0.0090307
0.10508
0.013038
0.25216
0.049959
0.02573
0.38506
0.019807
0.06955
0.12964
0.032179
0.0053602
0.094596
0.0076499
0.078343
0.050003
0.038767
0.067081
0.159
0.034063
0.021096
0.051247
0.038399
0.089804
0.041552
0.011099
0.0070944
0.095997
0.042195
0.06959
0.044928
0.021858
0.041171
0.070372
0.0075175
0.14121
0.14806
0.03996
0.016016
0.075682
0.056603
0.10528
0.12133
0.042869
0.017149
0.066089
0.054745
0.031435
0.022096
0.05227
0.035358
0.16967
0.12206
0.057467
0.037055
0.011554
0.13721
0.028481
0.047398
0.0056807
0.04201
0.0051182
0.010657
0.077979
0.063998
0.11656
0.056016
0.015543
0.14102
0.0076085
0.012814
0.19169
0.0051434
0.0036248
0.0045652
0.08839
0.12559
0.083831
0.019916
0.011785
0.0035214
0.11221
0.016009
0.022376
0.083079
0.058044
0.0030215
0.19318
0.031873
0.073075
0.073675
0.0010574
0.052106
0.033518
0.16318
0.037301
0.1733
0.25371
0.046977
0.1397
0.019151
0.1552
0.019819
0.068653
0.090506
0.073822
0.0086091
0.032767
0.017004
0.011759
0.0085072
0.0049907
0.034341
0.075499
0.0052646
0.11773
0.02177
0.0085982
0.056641
0.080568
0.11784
0.1159
0.10836
0.052294
0.13431
0.03421
0.14656
0.068774
0.021409
0.104
0.10916
0.021047
0.052529
0.0045383
0.058082
0.086034
0.023728
0.038913
0.038122
0.039293
0.028657
0.038885
0.02389
0.033324
0.0031913
0.054045
0.1423
0.069334
0.070125
0.15728
0.093521
0.031486
0.17832
0.0079064
0.010532
0.16831
0.030033
0.062618
0.013808
0.12839
0.032156
0.049294
0.056549
0.093721
0.0045577
0.20012
0.085237
0.052291
8.9216e-05
0.14213
0.13751
0.14334
0.10053
0.025214
0.03265
0.14259
0.27354
0.0062093
0.023743
0.040316
0.080478
0.037727
0.071504
0.0346
0.045957
0.12742
0.19321
0.025542
0.051656
0.052365
0.28191
0.060622
0.0552
0.10919
0.014292
0.0058056
0.0011394
0.033443
0.11007
0.056462
0.036248
0.2212
0.18977
0.12863
0.11166
0.02101
0.52574
0.23161
0.016472
0.15556
0.089482
0.12373
0.13471
0.13236
0.0035987
0.046061
0.020698
0.013619
0.058477
0.28554
0.088332
0.12196
0.011666
0.078377
0.08864
0.047731
0.12177
0.17605
0.10189
0.07449
0.028017
0.066724
0.041503
0.09146
0.025541
0.083839
0.0022432
0.069786
0.058168
0.035391
0.020908
0.10559
0.1327
0.0018711
0.018085
0.08804
0.086414
0.12323
0.030772
0.12694
0.10053
0.036143
0.17709
0.19492
0.023931
0.085971
0.038609
0.058886
0.02322
0.03729
0.094324
0.0059888
0.056521
0.17086
0.01643
0.0081658
0.036588
0.084793
0.047794
0.19369
0.082863
0.0064411
0.013596
0.12743
0.017021
0.10134
0.035485
0.046769
0.045249
0.012499
0.17794
0.010824
0.025347
0.064339
0.12298
0.14495
0.025378
0.094871
0.045403
0.046736
0.027187
0.0011239
0.057358
0.023546
0.049936
0.00076429
0.16297
0.0041207
0.15721
0.16408
0.0074179
0.0043967
0.032707
0.045993
0.14405
0.028981
0.069912
0.042793
0.00098385
0.31024
0.037906
0.15259
0.017684
0.19415
0.087149
0.1064
0.20152
0.10191
0.053393
0.072586
0.41174
0.15926
0.0070009
0.10123
0.022954
0.0018324
0.044253
0.058193
0.16544
0.047433
0.028618
0.027771
0.11101
0.056297
0.047029
0.064737
0.032248
0.0056308
0.034158
0.13934
0.11162
0.07514
0.08933
0.043658
0.0010962
0.10302
0.043612
0.096515
0.0070086
0.16834
0.05902
0.01813
0.015518
0.077468
0.096655
0.077332
0.0011361
0.066049
0.016526
0.21221
0.067049
0.30075
0.075908
0.069587
0.046119
0.010129
0.057047
0.021689
0.03195
0.017187
0.00065724
0.015154
0.12286
0.010879
0.1571
0.074794
0.1554
0.0024238
0.19858
0.0208
0.020814
0.090687
0.070549
0.047134
0.065751
0.16602
0.021622
0.033012
0.012329
0.0055994
0.059766
0.015705
0.18717
0.094562
0.19633
0.082759
0.017133
0.028575
0.0020858
0.0063664
0.18335
0.15559
0.21983
0.038977
0.015092
0.041437
0.080485
0.0023629
0.10459
0.0023257
0.047413
0.063925
0.0087748
0.054559
0.006958
0.0057517
0.16797
0.024454
0.033013
0.021508
0.15821
0.0017508
0.031841
0.010713
0.22525
0.056281
0.056821
0.043109
0.007601
0.022774
0.0099026
0.13604
0.20154
0.10278
0.1209
0.087428
0.033132
0.058076
0.1213
0.015008
0.118
0.026022
0.03305
0.11626
0.024023
0.0093336
0.026212
0.07014
0.02687
0.0049831
0.0055176
0.045172
0.25753
0.21714
0.13017
0.077006
0.044893
0.032162
0.0081905
0.020112
0.0098859
0.033941
0.16077
0.4899
0.13632
0.0364
0.016272
0.063271
0.017163
0.27326
0.2582
0.075509
0.092755
0.089556
0.11473
0.009889
0.05693
0.24614
0.027271
0.035203
0.0039099
0.033015
0.099341
0.020162
0.20157
0.097168
0.086809
0.12428
0.042519
0.045952
0.40762
0.029631
0.095264
0.054997
0.071606
0.037331
0.034108
0.21203
0.037173
0.056604
0.34147
0.39481
0.056967
0.018016
0.027889
0.11358
0.071252
0.028133
0.095718
0.010259
0.21307
0.037669
0.041138
0.018998
0.040765
0.013468
0.14342
0.0040393
0.032762
0.010706
0.16625
0.022369
0.055945
0.11527
0.053386
0.15007
0.19177
0.054727
0.0025447
0.15728
0.0027093
0.018128
0.001832
0.0071925
0.050518
0.0024111
0.10422
0.053641
0.057067
0.055439
0.088909
0.029207
0.10067
0.060701
0.02967
0.12518
0.04913
0.075268
0.01844
0.14182
0.032523
0.090232
0.085765
0.055519
0.038976
0.095661
0.23563
0.017968
0.12575
0.065218
0.075437
0.048943
0.073278
0.0664
0.14263
0.11827
0.27747
0.050024
0.026776
0.43962
0.07697
0.117
0.0062067
0.079421
0.010208
0.17605
0.28845
0.27725
0.14269
0.035182
0.019397
0.080714
0.062698
0.075208
0.0088944
0.0049576
0.11795
0.02002
0.062571
0.051631
0.0043501
0.13801
0.029995
0.080404
0.19711
0.095423
0.02286
0.019566
0.027126
0.17956
0.067905
0.0073514
0.067828
0.1645
0.10163
0.03273
0.014643
0.078935
0.0049348
0.14443
0.016456
0.028658
0.035162
0.04458
0.50863
0.013308
0.022801
0.17239
0.0094608
0.081027
0.14735
0.019005
0.049861
0.092714
0.069485
0.025047
0.076439
0.086666
0.14043
0.076976
0.042102
0.083995
0.10186
0.10829
0.01259
0.049988
0.033897
0.10435
0.0090346
0.0027754
0.065299
0.010687
0.012668
0.14029
0.30647
0.072021
0.084141
0.023028
0.15979
0.0033748
0.12436
0.052154
0.028777
0.020834
0.032737
0.096272
0.0030502
0.079769
0.1332
0.041668
0.056789
0.10967
0.0048836
0.057163
0.0074947
0.15731
0.092217
0.069199
0.071213
0.0028957
0.13131
0.022466
0.00448
0.04489
0.19633
0.21548
0.036895
0.12557
0.022945
0.087512
0.061458
0.061474
0.086103
0.029367
0.037235
0.16699
0.22129
0.066351
0.0057963
0.17359
0.29488
0.030696
0.024805
0.11081
0.010288
0.041525
0.042221
0.069534
0.19715
0.025573
0.012827
0.083969
0.011013
0.015871
0.12875
0.033098
0.19096
0.035344
0.045757
0.0076437
0.015434
0.080939
0.021654
0.024839
0.19527
0.053604
0.093242
0.041005
0.054076
0.13852
0.017099
0.034138
0.04943
0.0094969
0.22455
0.096815
0.044376
0.054715
0.025409
0.059404
0.0061336
0.0037597
0.031989
0.052955
0.017863
0.11734
0.010017
0.026578
0.015529
0.17055
0.045707
0.010965
0.016355
0.20669
0.047962
0.0010958
0.019141
0.1128
0.074185
0.15983
0.17507
0.086729
0.023664
0.069911
0.012551
0.0419
0.031094
0.049641
0.18468
0.073992
0.0636
0.21907
0.02672
0.094854
0.00035457
0.19133
0.32119
0.12575
0.017336
0.059707
0.091317
0.098192
0.0016839
0.022288
0.15832
0.037228
0.061843
0.031312
0.027797
0.13646
0.054209
0.050112
0.049488
0.069255
0.04666
0.031392
0.05315
0.045411
0.18312
0.059718
0.13897
0.026267
0.0015236
0.0069577
0.071029
0.02353
0.065043
0.013365
0.063912
0.0268
0.033601
0.2087
0.03895
0.11287
0.049975
0.13256
0.0013655
0.029491
0.09696
0.03199
0.044158
0.016315
0.10836
0.11368
0.10271
0.12033
0.0024094
0.0047761
0.0093369
0.26072
0.094443
0.084168
0.12038
0.0013551
0.092873
0.028211
0.062719
0.0050356
0.076396
0.0095354
0.11028
0.18148
0.12062
0.060938
0.017018
0.035548
0.046296
0.030916
0.087936
0.062429
0.032588
0.088552
0.078504
0.029251
0.074276
0.067066
0.11767
0.022896
0.020572
0.065608
0.20416
0.032698
0.066417
0.0061368
0.023534
0.080428
0.076941
0.14594
0.032737
0.13419
0.010205
0.33805
0.22053
0.021102
0.23711
0.010777
0.021199
0.1804
0.063886
0.043265
0.039807
0.12314
0.14586
0.054012
0.057493
0.16284
0.09449
0.15507
0.22755
0.075342
0.024262
0.033721
0.0035579
0.054112
0.036149
0.083458
0.1097
0.004154
0.14018
0.050759
0.00026548
0.0078055
0.034209
0.15773
0.025904
0.036467
0.018291
0.02335
0.25998
0.054493
0.077061
0.009243
0.13249
0.16739
0.071793
0.03074
0.023117
0.026633
0.024979
0.090585
0.031989
0.16855
0.0043263
0.058397
0.041308
0.040638
0.072974
0.19097
0.10504
0.104
0.054323
0.12082
0.081692
0.12765
0.053476
0.029873
0.062659
0.0028957
0.021919
0.33096
0.008485
0.052785
0.03724
0.026366
0.2848
0.032071
0.021953
0.16057
0.030406
0.027625
0.025783
0.014874
0.040654
0.0020762
0.0081433
0.21648
0.022864
0.054173
0.13341
0.29634
0.002346
0.21139
0.030263
0.0072814
0.024984
0.01423
0.017952
0.17407
0.026934
0.0019754
0.18567
0.015146
0.099835
0.23261
0.048324
0.018553
0.048797
0.122
0.094487
0.041306
0.031193
0.041123
0.090688
0.010419
0.0027064
0.0068185
0.082085
0.16133
0.11129
0.057719
0.0070445
0.10044
0.036402
0.041925
0.065749
0.014928
0.1662
0.060291
0.087748
0.12637
0.017182
0.014086
0.023475
0.018988
0.0058783
0.018033
0.025707
0.037093
0.27521
0.074377
0.1416
0.095817
0.03209
0.010414
0.20606
0.15647
0.046803
0.0087864
0.34516
0.05589
0.062153
0.012906
0.034928
0.092552
0.22039
0.16219
0.0049839
0.011296
0.068236
0.25342
0.020246
0.089159
0.03679
0.027658
0.0095875
0.066212
0.0031184
0.04798
0.030183
0.053336
0.21659
0.089194
0.084825
0.044768
0.1177
0.05249
0.0090454
0.11824
0.063688
0.056987
0.017086
0.0003095
0.069083
0.22541
0.0092743
0.0081241
0.16189
0.12153
0.049056
0.053697
0.047415
0.30538
0.02251
0.064728
0.082545
0.010089
0.0034144
0.043338
0.053082
0.090739
0.08847
0.20343
0.065838
0.041519
0.083573
0.055393
0.070252
0.1003
0.013829
0.22998
0.024996
0.0042197
0.088491
0.011755
0.089983
0.11085
0.11278
0.081336
0.13188
0.045495
0.013845
0.063374
0.052498
0.026316
0.026507
0.22313
0.071991
0.0094268
0.047353
0.072334
0.0012063
0.020212
0.004159
0.039917
0.11092
0.044482
0.026839
0.046767
0.074399
0.028004
0.020174
0.088407
0.0042488
0.28631
0.087046
0.094675
0.027033
0.069967
0.0074784
0.035959
0.064418
0.062327
0.010802
0.076476
0.027837
0.14467
0.006954
0.14907
0.087319
0.085068
0.0070935
0.11089
0.021187
0.16267
0.034386
0.078602
0.0032076
0.076418
0.0423
0.067529
0.27125
0.10335
0.082602
0.015074
0.076856
0.0059156
0.04972
0.026647
0.069699
0.056564
0.046112
0.050091
0.054856
0.23828
0.01397
0.017486
0.22737
0.0093168
0.023017
0.0071517
0.24322
0.053082
0.041288
0.25568
0.18387
0.0024374
0.090619
0.043628
0.14176
0.026474
0.28675
0.084217
0.057359
0.0014081
0.050122
0.035885
0.082183
0.0014389
0.15842
0.1014
0.025317
0.061662
0.013495
0.0010926
0.011016
0.07145
0.092151
0.042152
0.017889
0.039579
0.011797
0.0044953
0.088581
0.0028144
0.051873
0.024974
0.034856
0.030199
0.07811
0.027595
0.047464
0.062579
0.028071
0.026121
0.13039
0.0094746
0.11213
0.14339
0.25158
0.039202
0.067285
0.0097366
0.046386
0.079656
0.077609
0.049408
0.21477
0.040224
0.17081
0.1321
0.053735
0.054323
0.07065
0.03656
0.022266
0.035233
0.023986
0.079148
0.072669
0.04438
0.18722
0.015013
0.21185
0.042007
0.047267
0.0078418
0.11998
0.096044
0.012136
0.0082625
0.19954
0.011629
0.006663
0.0088944
0.031905
0.076199
0.11878
0.077351
0.042853
0.1101
0.0055229
0.068585
0.034368
0.2383
0.083081
0.095954
0.0924
0.17383
0.01243
0.27956
0.1581
0.017976
0.069092
0.0037121
0.050719
0.00092145
0.0037396
0.044073
0.088742
0.0072025
0.014795
0.10265
0.0078244
0.020471
0.068654
0.015819
0.075134
0.050199
0.24015
0.00074922
0.058837
0.0061206
0.030713
0.062245
0.18455
0.0017182
0.096853
0.089936
0.041274
0.0078186
0.07979
0.10078
0.054926
0.0483
0.00036559
0.027486
0.021214
0.02777
0.026366
0.027364
0.012799
0.096028
0.013861
0.002066
0.032951
0.070151
0.13719
0.062661
0.0080769
0.051722
0.012791
0.088339
0.01198
0.051648
0.0073523
0.10012
0.0063166
0.012191
0.090987
0.1616
0.032147
0.019681
0.07504
0.074792
0.01306
0.063275
0.015253
0.014582
0.0092999
0.023006
0.031507
0.16451
0.27113
0.038949
0.025078
0.0040451
0.037331
0.059931
0.057116
0.011698
0.016303
0.039615
0.044956
0.053852
0.011819
0.031793
0.097456
0.0081136
0.21811
0.05061
0.053654
0.056822
0.013243
0.010096
0.0058597
0.1474
0.2668
0.12721
0.036016
0.02307
0.09223
0.067427
0.037208
0.037657
0.042261
0.092571
0.088231
0.0047404
0.011553
0.03649
0.046581
0.078328
0.050214
0.029118
0.024706
0.035312
0.021002
0.11673
0.066314
0.099629
0.015607
0.045033
0.020286
0.071759
0.030241
0.015098
0.016967
0.013861
0.082934
0.0052246
0.2029
0.12896
0.047598
0.059233
0.1995
0.27603
0.22879
0.07336
0.0023591
0.080843
0.050417
0.022698
0.080142
0.11985
0.32427
0.031842
0.13226
0.049469
0.10462
0.08782
0.0018699
0.12584
0.017798
0.061837
0.044375
0.13126
0.16508
0.10528
0.038386
0.055394
0.0010112
0.15126
0.081697
0.050552
0.0303
0.052501
0.18598
0.0034975
0.063758
0.087801
0.25557
0.052879
0.017519
0.0054674
0.057337
0.059763
0.013754
0.1639
0.14701
0.032687
0.016336
0.016734
0.011126
0.070104
0.16709
0.28084
0.15277
0.031239
0.014032
0.040136
0.13796
0.045006
0.013706
0.074677
0.038852
0.053165
0.068086
0.17836
0.020481
0.10516
0.2229
0.079888
0.12383
0.030436
0.16381
0.055472
0.033961
0.050187
0.003841
0.027324
0.013323
0.060641
0.014933
0.047211
0.079631
0.031228
0.021523
0.061021
0.038528
0.12746
0.031291
0.12696
0.045233
0.0041748
0.0032021
0.019965
0.020931
0.055098
0.17013
0.0072654
0.012723
0.12762
0.076401
0.1258
0.036481
0.17064
0.0024769
0.0048335
0.035172
0.066907
0.014529
0.15044
0.1398
0.007349
0.057872
0.072408
0.051873
0.0071248
0.032523
0.17854
0.0060787
0.11626
0.015304
0.0064661
0.017006
0.02607
0.1515
0.025796
0.020911
0.030218
0.0045444
0.026926
0.10991
0.13154
0.10522
0.19698
0.26736
0.057461
0.070879
0.059959
0.037136
0.096365
0.17454
0.049992
0.0073373
0.039237
0.010133
0.088819
0.117
0.025317
0.082197
0.077152
0.096491
0.085656
0.014664
0.0059039
0.033182
0.018001
0.09713
0.0016955
0.0055824
0.10762
0.028376
0.11584
0.02831
0.077782
0.021658
0.043512
0.083324
0.034683
0.019033
0.12032
0.0030439
0.13184
0.029911
0.010638
0.0033619
0.063453
0.03321
0.13459
0.044683
0.010865
0.12998
0.051778
0.069788
0.074057
0.061264
0.013979
0.1745
0.04284
0.068904
0.098182
0.012947
0.088782
0.23539
0.024567
0.28057
0.39142
0.06744
0.16839
0.17081
0.040652
0.078035
0.12649
0.048301
0.071171
0.0098421
0.088232
0.078252
0.064732
0.17074
0.050309
0.15334
0.034625
0.003608
0.032725
0.018462
0.067763
0.1494
0.057608
0.01513
0.092683
0.0086135
0.049463
0.20932
0.13638
0.20862
0.015906
0.099337
0.017749
0.16131
0.076043
0.1229
0.13204
0.024802
0.022216
0.0019876
0.030558
0.015828
0.14216
0.20315
0.058465
0.079345
0.034115
0.019914
0.037696
0.2431
0.04696
0.015645
0.051199
0.002168
0.050133
0.0049691
0.020958
0.00099136
0.048617
0.029223
0.059411
0.10705
0.13567
0.0096455
0.02808
0.18832
0.033089
0.0077993
0.024869
0.10697
0.14126
0.10763
0.032633
0.058439
0.056892
0.097815
0.032559
0.053052
0.037454
0.0585
0.08632
0.0092163
0.080176
0.048363
0.13179
0.0030063
0.012485
0.12136
0.052331
0.22955
0.069564
0.085832
0.083171
0.23247
0.11453
0.12135
0.12396
0.028381
0.13298
0.087391
0.10717
0.052054
0.044759
0.11101
0.14491
0.012672
0.1017
0.049349
0.035567
0.011631
0.0023601
0.044547
0.021562
0.027596
0.0028916
0.037066
0.047939
0.045842
0.12527
0.031515
0.13215
0.035361
0.065273
0.03186
0.014164
0.018962
0.021494
0.047714
0.34572
0.017124
0.016642
0.034304
0.22563
0.064246
0.094863
0.066199
0.00038922
0.0036223
0.037583
0.081497
0.0053661
0.15378
0.10168
0.10294
0.032087
0.20281
0.13938
0.051452
0.12285
0.032593
0.0039765
0.069698
0.23643
0.060905
0.017186
0.0030234
0.15981
0.070726
0.039216
0.13755
0.030817
0.055229
0.067734
0.0011047
0.064584
0.019324
0.048098
0.012306
0.0081935
0.019469
0.010333
0.17993
0.11633
0.034449
0.059456
0.028416
0.14865
0.12529
0.076864
0.086514
0.083113
0.039116
0.053979
0.10686
0.00060762
0.049847
0.091227
0.071431
0.019143
0.29569
0.16477
0.097524
0.0084473
0.053844
0.0076756
0.10264
0.014728
0.037961
0.042548
0.037911
0.080523
0.058924
0.090962
0.20965
0.11067
0.039942
0.066282
0.065722
0.18249
0.21816
0.011067
0.13975
0.15207
0.033812
0.1903
0.02057
0.051348
0.11093
0.1596
0.16372
0.23843
0.019011
0.19729
0.061132
0.012905
0.034015
0.017875
0.0012747
0.027735
0.077766
0.028123
0.017568
0.18792
0.20657
0.020751
0.011816
0.081751
0.030348
0.040125
0.12738
0.034592
0.087324
0.067748
0.017114
0.027584
0.094367
0.17911
0.082381
0.011897
0.010409
0.001665
0.065865
0.12964
0.078021
0.07488
0.12543
0.014877
0.081949
0.066231
0.085314
0.14801
0.1156
0.03791
0.020073
0.11398
0.28814
0.042116
0.14508
0.15696
0.040413
0.026275
0.02479
0.010051
0.013428
0.10111
0.056054
0.078181
0.021598
0.017593
0.042628
0.030899
0.11669
0.12117
0.030196
0.0095303
0.10754
0.013606
0.16099
0.035804
0.0043814
0.019237
0.039393
0.044597
0.3952
0.040281
0.10905
0.092372
0.028244
0.055847
0.0027883
0.22896
0.0062347
0.10364
0.0047591
0.035165
0.05915
0.019284
0.36728
0.14892
0.030224
0.048914
0.048112
0.057653
0.17185
0.0452
0.083031
0.015782
0.058778
0.0017391
0.21413
0.1183
0.044715
0.095939
0.082622
0.054571
0.0084996
0.056256
0.2242
0.13517
0.070487
0.03439
0.05674
0.0053794
0.0086946
0.033218
0.014984
0.012024
0.081777
0.073073
0.21551
0.043815
0.024817
0.0076769
0.055193
0.084442
0.10703
0.012322
0.046489
0.0027696
0.0061199
0.07003
0.20013
0.0024077
0.077741
0.17448
0.10962
0.0098185
0.029317
0.11165
0.010904
0.025575
0.025785
0.033567
0.028032
0.41316
0.014623
0.037921
0.095907
0.04638
0.17042
0.1175
0.049572
0.040781
0.0098543
0.14735
0.00040905
0.11663
0.0036958
0.13954
0.032716
0.085958
0.052892
0.06125
0.033109
0.16053
0.048399
0.15717
0.068747
0.036972
0.053262
0.0055722
0.039086
0.00040749
0.0033733
0.037077
0.11008
0.066251
0.068791
0.0079523
0.16045
0.0013231
0.11686
0.02602
0.012549
0.096869
0.0034002
0.074248
0.039182
0.020118
0.091943
0.0023909
0.016721
0.0041781
0.068048
0.078258
0.03401
0.010288
0.016531
0.040923
0.054743
0.068987
0.056527
0.0067238
0.050241
0.019349
0.18362
0.17806
0.10229
0.0044796
0.0020832
0.026171
0.03242
0.011816
0.066078
0.10535
0.067231
0.012905
0.018011
0.009341
0.15412
0.020648
0.092939
0.12541
0.068411
0.23147
0.09864
0.18692
0.2454
0.092663
0.015073
0.34633
0.012967
0.084604
0.080429
0.073258
0.031991
0.15371
0.073816
0.090011
0.015523
0.1729
0.0052356
0.069872
0.020208
0.065855
0.12993
0.19621
0.0077483
0.079906
0.010574
0.051176
0.068269
0.0096241
0.075951
0.079053
0.11882
0.0098792
0.072672
0.15175
0.016476
0.061525
0.10574
0.028196
0.064927
0.28108
0.089088
0.066806
0.10188
0.14265
0.0189
0.047826
0.091828
0.009055
0.079066
0.087346
0.038799
0.12716
0.087776
0.13483
0.061691
0.017949
0.06567
0.19274
0.043114
0.046934
0.25662
0.14048
0.0067892
0.075682
0.052082
0.089968
0.049946
0.030662
0.086826
0.1236
0.032785
0.0047026
0.15587
0.092699
0.023817
0.041022
0.22784
0.039036
0.10943
0.081383
0.29019
0.042769
0.18861
0.032034
0.044674
0.0068788
0.10204
0.017048
0.15634
0.17354
0.01804
0.092275
0.1941
0.0020756
0.11359
0.13274
0.014054
0.10972
0.18535
0.00096206
0.061942
0.045797
0.082098
0.22661
0.33333
0.0060061
0.064427
0.028416
0.0049229
0.31495
0.10546
0.058589
0.044971
0.022219
0.10806
0.071545
0.19815
0.12489
0.0095805
0.033472
0.036288
0.31868
0.13177
0.28401
0.01858
0.09411
0.057059
0.056002
0.21709
0.027034
0.58701
0.026613
0.06128
0.028241
0.019164
0.36352
0.10833
0.18394
0.019586
0.31728
0.01467
0.20662
0.12953
0.19833
0.023072
0.14973
0.074177
0.06156
0.126
0.088612
0.0035489
0.14369
0.026824
0.11327
0.016942
0.019623
0.023915
0.023946
0.18974
0.093366
0.061769
0.048316
0.067559
0.11668
0.081179
0.18845
0.068396
0.22472
0.00014145
0.12964
0.10287
0.17203
0.0042184
0.033532
0.010724
0.0075482
0.27273
0.061871
0.067556
0.056891
0.0079119
0.0083948
0.036974
0.01179
0.032366
0.08229
0.11687
0.13762
0.42069
0.056705
0.058
0.10051
0.021387
0.02259
0.094522
0.057516
0.072397
0.07649
0.053699
0.021315
0.074838
0.035328
0.09275
0.069852
0.16392
0.026602
0.051453
0.074886
0.054402
0.20466
0.041221
0.036184
0.084682
0.11553
0.079156
0.25398
0.13393
0.16574
0.029411
0.025928
0.61498
0.032535
0.0042711
0.032758
0.28526
0.2309
0.067989
0.1506
0.086531
0.10037
0.0025887
0.10378
0.071502
0.10309
0.020016
0.027442
0.022359
0.11337
0.067144
0.14528
0.30939
0.046069
0.072493
0.1341
0.019528
0.092031
0.050865
0.091927
0.010782
0.1918
0.058404
0.16639
0.027372
0.047931
0.0043523
0.031368
0.10063
0.060432
0.032908
0.037938
0.18122
0.024105
0.012798
0.031221
0.027651
0.18114
