0.10861
0.017186
0.00054537
0.003809
0.0074352
0.0098312
0.057972
0.16927
0.026961
0.10021
0.081393
0.031354
0.011809
0.00036487
0.051366
0.020856
0.0012714
0.079632
0.0058932
0.10816
0.0025589
0.021596
0.00034774
0.0073015
0.0088594
0.37296
0.067834
0.0551
0.12388
0.0082505
0.0046005
0.040976
0.091378
0.011822
0.0043169
0.011392
0.08996
0.036199
0.011132
0.022117
0.00028063
0.053637
0.0030776
0.036846
0.091165
0.12176
0.0080871
0.037064
0.035985
0.047385
0.048695
0.055212
0.026829
0.00013033
0.035416
0.00097518
0.079516
0.0014127
0.0073802
0.0034132
0.015694
0.1056
0.027613
0.012465
0.14501
0.21303
0.049525
0.0012522
0.022276
0.0028134
0.036291
0.0025322
0.020587
0.0022931
0.10828
0.06614
0.009905
0.03848
0.42386
0.035511
0.044464
0.034405
0.074868
0.066835
0.016273
0.016223
0.07768
0.0012153
0.14652
0.068889
0.022763
0.0071639
0.087256
0.0012621
0.031112
0.14619
0.01136
0.051337
0.0062698
0.00055807
0.010602
0.023612
0.11055
0.04989
0.020324
0.25883
0.050778
0.016556
0.077819
0.078468
0.011242
0.017958
0.019281
0.00046941
0.01403
0.043779
0.021696
0.0031409
5.1178e-05
0.0040308
0.040405
0.0076016
0.0010632
0.011699
0.025156
0.050176
0.016177
0.041992
0.00062379
0.028968
0.00057477
0.01124
0.0096772
0.0006617
0.0010524
0.0041981
0.083713
0.0043172
0.026764
0.047977
0.021509
0.0042741
0.020244
0.055208
0.039476
0.073191
0.039946
0.072304
0.0041295
0.035531
0.272
0.046247
0.0040921
0.051055
0.0062176
0.020846
0.084209
0.02135
0.050706
0.0092371
0.0082946
0.028196
0.074612
0.091638
0.052661
0.013587
0.0052221
0.01171
0.050099
0.088719
0.058134
0.010409
0.13075
0.023591
0.00015664
0.0019442
0.017556
0.0068453
0.0077215
0.010229
0.011189
0.05086
0.017088
0.014627
0.0049143
0.23353
0.065547
0.00013012
0.0047979
0.013805
0.010927
0.0051439
0.051364
0.011873
0.19044
0.019837
0.02105
0.0028799
0.07293
0.0012527
0.0003093
0.042766
0.014323
0.021204
0.027257
0.038856
0.042308
0.12138
0.034761
0.059573
0.024694
0.0099827
0.09089
0.0044607
0.0012871
0.0043786
0.024813
0.012168
0.027521
0.031498
0.17964
0.0013664
0.1637
0.025632
0.035333
0.020644
1.1359e-05
0.0020116
0.23937
0.006252
0.024783
0.034784
0.0045844
0.0028407
9.8832e-06
0.070583
0.0029804
0.046499
0.03231
0.0048352
0.037562
0.030646
0.11563
0.011731
0.0084402
0.047614
0.041758
0.0082977
0.00016453
0.010051
0.11651
0.026133
0.013605
0.021349
0.089174
0.05214
0.00014083
0.0056618
0.0012072
0.040267
0.066899
0.011024
0.039285
0.029353
0.0018379
0.0042041
0.034642
0.0083139
0.049373
0.049113
0.048302
0.20202
0.0015963
0.010719
0.060722
0.023706
0.0058393
0.036021
0.064479
0.0088548
0.0065748
0.010336
0.014577
0.0070284
0.02249
0.043037
0.42699
0.017173
0.077888
0.070798
0.085579
0.023005
0.22746
0.026088
0.15967
0.028949
0.080708
0.017778
0.0047611
0.11978
0.061054
0.058097
0.039768
0.032555
0.10184
0.03277
0.011265
0.019942
0.039052
0.012064
0.011114
0.093399
0.029223
0.0011151
0.017913
0.017384
0.0069282
0.057902
0.010306
0.048636
0.017878
0.013638
0.033742
0.057487
0.0011593
0.028271
0.020825
0.013636
0.011697
0.029286
0.077509
0.010278
0.0014146
0.037254
0.013397
0.0023786
0.024997
0.013944
0.02668
0.10459
0.10244
0.10531
0.028593
0.0010764
0.013699
0.0012965
0.13923
0.04659
0.00082967
0.26547
0.079234
0.0073385
0.0041958
0.015466
0.021952
0.00098375
0.0079767
0.009932
0.0078151
0.0028592
0.00053303
0.00021824
0.0015757
0.050662
0.14378
0.0046617
0.075409
0.17838
0.0066389
0.020136
0.042716
0.017344
0.0034827
0.013183
0.031316
0.019719
0.074544
0.060266
0.067888
0.055238
0.00098889
0.013231
0.0043665
0.034962
0.079036
0.008027
0.0028914
0.039272
0.075628
2.689e-05
0.00063237
0.083433
0.0013146
0.030825
0.063369
0.091267
0.055139
0.01983
0.12213
0.015977
0.19076
0.027669
0.042572
0.00096521
0.047229
0.030429
0.012096
0.035913
0.091364
0.11206
0.046885
0.0045552
0.014102
0.067748
0.00024575
0.029415
0.004147
0.020241
0.20122
0.2971
0.0060222
0.028424
0.049714
0.0031977
0.012371
0.050441
0.013052
0.054455
0.076925
0.037514
0.020369
0.0013774
0.0076147
0.086588
0.36455
0.095487
0.0016204
0.011474
0.10208
0.00061012
0.099191
0.024142
0.038485
0.026203
0.14361
0.042946
0.054268
0.058125
0.00087552
0.18345
0.0019097
0.03753
0.01201
0.00074666
0.11368
0.010757
0.032173
0.10315
0.024194
0.027015
0.0027589
0.012141
0.05168
0.012317
0.013002
0.0021599
0.0025977
0.042174
0.030561
0.0053161
0.001461
0.0030836
0.023505
0.016906
0.0014189
0.07982
0.036768
0.055294
0.0043154
0.13216
0.051111
0.019027
0.014621
0.032475
0.055494
0.031689
0.035792
0.11225
0.093523
0.015203
0.012373
0.0039432
0.02349
0.046547
0.07858
0.15589
0.062709
0.037731
0.018084
0.017949
0.0063245
0.01651
0.10377
0.013284
0.13051
0.037879
0.049971
0.0079659
0.13515
0.0072544
0.059268
0.061502
0.25464
0.092989
0.066833
0.06559
0.0019195
0.051716
0.11176
0.0061564
0.01173
0.015023
0.040918
0.010491
0.060887
0.04641
0.039028
0.064952
0.011191
0.0082183
0.26801
0.039218
0.059437
0.0013475
0.0069985
0.036128
0.010723
0.010046
0.016499
0.0005736
0.0062175
0.020299
0.11367
0.0024874
0.055685
0.026826
0.042827
0.0072718
0.0053518
0.0053414
0.0027719
0.11824
0.011708
0.023264
0.042116
0.016625
0.039768
0.067539
0.05474
0.11079
0.085679
0.044327
0.016229
0.084276
0.13949
0.28707
0.0065143
0.010933
0.09863
0.0090211
0.08131
0.098801
0.010981
0.087748
0.14467
0.091899
0.23925
0.072481
0.13154
0.17289
0.046436
0.022133
0.034385
3.9339e-05
0.029225
0.085149
0.0063548
0.0079782
0.11812
0.026163
0.048991
0.032812
0.030213
0.0029395
0.0096179
0.24168
0.20276
0.060102
0.015968
0.0013827
0.042287
0.028869
0.11048
0.009223
0.0089047
0.0061709
0.0010023
0.15755
0.0054498
0.026509
0.051461
0.16166
0.0059623
0.0021059
0.0064542
0.0040673
0.040828
0.071871
0.036248
0.055924
0.21236
0.048912
0.059332
0.068652
0.040288
0.0204
0.096768
0.071421
0.024482
0.032794
0.0082697
0.04777
0.0051855
0.0017064
0.0069063
0.042317
0.009017
0.18106
0.014834
0.10294
0.15344
0.1477
0.19824
0.00070851
0.021353
0.0072948
0.016539
0.0080833
0.044578
0.0036975
0.024033
0.10153
0.0049889
0.011769
0.035826
0.0090429
0.031479
0.14685
0.01687
0.047953
0.032501
0.016795
0.04518
0.086737
8.1773e-05
0.10553
0.04231
0.17272
0.0014785
0.036925
0.00011246
0.019908
0.018414
0.072843
0.065256
0.024781
0.06425
0.0011228
0.051744
0.00075773
0.0048882
0.040094
0.21189
0.041319
0.0355
0.11423
0.00043557
0.072208
0.080338
0.022868
0.022765
0.15231
0.037725
0.016884
4.4098e-05
0.029693
0.010194
0.23135
0.084729
0.0020942
0.15924
0.19043
0.017611
0.041407
0.0643
0.0019694
0.010877
0.037119
0.03348
0.068007
0.059943
0.0025367
0.0015083
0.006205
0.059001
0.016968
0.068853
0.095462
0.010632
0.0017848
0.0075325
0.004591
0.062876
0.035209
0.031472
0.0011485
0.10664
0.020864
0.014481
0.051238
0.069989
0.032635
0.038311
0.081293
0.0022663
0.029134
0.011575
0.06656
0.026094
0.15435
0.023831
0.053248
0.010818
0.0076657
0.034611
0.018745
0.0083957
0.015091
0.017132
0.13177
0.036783
0.18106
0.032894
0.012272
0.017554
0.00031606
0.029013
0.0063638
0.017968
0.21358
0.022423
0.032731
0.064167
0.061607
0.029334
0.0015431
0.044638
0.050507
0.038154
0.023534
0.0049414
0.060598
0.20976
0.047563
0.048084
0.0044804
0.091267
0.0049015
0.0032656
0.019185
0.22287
0.0228
0.0092976
0.010104
0.0022683
0.0099266
0.0011129
0.26176
0.0047082
0.17969
0.022098
0.012538
0.0073896
0.051302
0.01565
0.0024051
0.013131
0.0060231
0.024256
0.033205
0.0027471
0.0095709
0.0044598
0.2633
0.11275
0.019922
0.0034258
0.054301
0.00646
0.01345
0.008739
0.0022339
0.0067819
0.067504
0.16382
0.084342
0.0090672
0.094729
0.063932
0.027803
0.026656
0.11661
0.022893
0.12666
0.079679
0.0076786
0.042264
0.046903
0.0047403
0.00021617
0.00044081
0.017456
0.060905
0.049119
0.011384
0.017661
0.069447
0.00065132
0.042029
0.085834
0.043192
0.10245
0.0066139
0.0057594
0.016728
0.12448
0.071374
0.006466
0.039566
0.0040147
0.092362
0.010083
0.072119
0.03399
0.041619
0.0014712
0.0040339
0.013962
0.0031231
0.065055
0.13719
0.011152
0.02056
0.021999
0.056051
0.0035388
0.0045803
0.23093
0.025759
0.00095511
0.027302
0.003635
0.020526
0.029802
0.20319
0.023097
0.0027766
0.0018523
0.050349
0.092887
0.62835
0.044808
0.020958
0.0043625
0.011394
0.0017237
0.0072998
0.079002
0.00053507
0.040282
0.015953
0.0084362
0.0029536
0.042437
0.02687
0.079555
0.026548
0.027524
0.09511
0.013329
0.002181
0.030515
0.076579
0.04863
0.14365
0.14208
0.19707
0.019372
0.018433
0.046979
0.0073724
0.011531
0.0010533
0.024795
0.021938
0.0058951
0.017845
0.0068463
0.001536
0.066592
0.015318
0.026611
0.014765
0.068515
0.011174
0.22775
0.062519
0.0016851
0.0067627
0.020703
0.13382
0.06948
0.25446
0.00048587
0.0042537
0.028636
9.4891e-05
0.0056904
0.024482
0.093838
0.066089
0.0042928
0.043897
0.0080897
0.082018
0.0084324
0.14953
0.0092607
0.098021
0.00018553
0.016316
0.053283
0.030024
0.0012758
0.022795
0.13799
0.012206
0.028243
0.086812
0.0064734
0.020866
0.11794
0.0020681
0.003038
0.14642
0.013321
0.0023908
0.040359
0.011775
0.027713
0.028476
0.22895
0.0032549
0.0011004
0.02538
0.017941
6.6345e-05
0.033127
0.064166
0.0030909
0.01056
0.078011
0.27587
0.078811
0.067627
0.0020355
0.0095227
0.093233
0.030756
0.012072
0.044114
0.016024
0.066503
0.072333
0.067115
0.0093125
0.05668
0.053191
0.025105
0.06396
0.03939
0.013461
0.007586
0.024141
0.014722
0.044572
0.047331
0.088988
0.0038272
0.049818
0.0018364
0.10239
0.014947
0.050585
0.022774
0.020264
0.15145
0.029488
0.064442
0.0015834
0.010432
0.10096
0.038713
0.046736
0.047373
0.018551
0.005618
0.026208
0.0058155
0.031463
0.0080543
0.038998
0.00082842
0.0075683
0.21892
0.0073432
0.0017562
0.040354
0.13116
0.0034633
0.11353
0.01944
0.0016571
0.021614
0.15169
0.029089
0.010446
0.054896
0.0021976
0.027195
0.061244
0.070503
0.0036444
0.0079581
0.012029
0.10576
0.0041124
0.027668
0.012695
0.0019574
0.10374
0.015599
0.23176
0.11563
0.0019229
0.019588
0.013074
0.060356
0.01452
0.12465
0.012982
0.076433
0.014624
0.00041585
0.011637
0.042675
0.027374
0.20172
0.021525
0.00011204
0.008821
0.033973
0.016477
0.017701
0.022813
0.087459
0.049322
0.023375
0.088955
0.032866
0.016316
0.0050992
0.026146
0.011364
0.0072538
0.074605
0.014579
0.0066987
0.031207
0.029288
0.024467
0.064918
0.0042283
0.02334
0.1083
0.038077
0.0046688
0.097479
0.01277
0.0081897
0.0094462
0.10677
0.00064302
0.030921
0.01865
0.1107
0.024981
0.084318
0.046338
0.09369
0.040957
0.011981
0.022094
0.0055954
0.017458
0.13525
0.057573
0.0018405
0.0023836
0.00010388
0.043917
0.00013635
0.014947
0.012611
0.015763
0.0055506
0.015167
0.0364
0.076967
0.14236
0.0848
0.035622
0.24819
0.00050879
0.044772
0.000705
0.19131
0.033945
0.051709
0.038412
0.0062546
0.0286
0.14526
0.15695
0.020902
0.0068345
0.014898
0.001229
0.0062079
0.007355
0.043523
0.021617
0.012992
0.02251
0.012035
0.061409
0.00020808
0.11936
0.032146
0.00016706
0.024786
0.015075
0.25955
0.0067577
0.0079603
0.064788
0.033929
0.054658
0.12492
0.064097
0.02481
0.02217
0.0040126
0.032093
0.033355
0.00076662
0.042185
0.092422
0.010224
0.0014692
0.02458
0.022982
0.32722
0.072674
0.0062885
0.015142
0.0057637
0.0040515
0.010649
0.12272
0.0052239
0.091971
0.017935
0.017593
0.23301
0.0011714
0.014888
0.011671
0.031132
0.0098456
0.026137
0.032577
0.00011955
0.024786
0.10027
0.0033641
0.041179
0.045059
0.036363
0.0029831
0.020853
0.20114
0.0576
0.0088056
0.029984
0.054881
0.072395
0.065515
0.023922
0.18228
0.036992
0.039114
0.052293
0.054292
0.0078244
0.093343
0.0053427
0.047011
0.041054
0.012192
0.17094
0.0066041
0.010504
0.0013565
0.14012
0.010643
0.0087084
0.0037521
0.01912
0.0038945
0.15569
0.007182
0.011261
0.0028404
0.042805
0.021904
0.027764
0.075415
0.0037224
0.15917
0.021485
0.061085
0.0019893
0.020079
0.11076
0.0033971
0.16471
0.088884
0.06475
0.0063795
0.038987
0.20068
0.0041973
0.038232
0.0059212
0.0026791
0.011233
0.01977
0.0021126
0.11026
0.11582
0.17975
0.043837
0.079837
1.208e-05
0.03183
0.0073804
0.010334
0.006668
0.0017439
0.045976
0.068075
0.12975
0.016718
0.019983
0.013081
0.015986
0.028158
0.081063
0.0069144
0.00019683
0.08843
0.0044158
0.0026342
0.13191
0.025464
0.0080903
0.0083253
0.0048388
0.02069
0.018596
0.040528
0.01935
0.21357
0.0081828
0.0041905
0.0041072
0.18203
0.0017463
0.11316
0.0036034
0.021599
0.23183
0.094483
0.016311
0.0088975
0.17441
0.076475
0.061147
0.0092298
0.0066705
0.016569
0.0028869
0.02776
0.00018727
0.055182
0.010473
0.01607
0.051426
0.051448
0.01084
0.0050266
0.12688
0.037415
0.0052202
0.00064861
5.5401e-05
0.030716
0.029902
0.041692
0.027693
0.0066966
0.0073195
7.1158e-05
0.06852
0.036633
0.0095463
0.08073
0.04387
0.0051133
0.064386
0.043191
0.026972
0.039713
0.12918
0.023025
0.052389
0.018099
0.19488
0.014956
0.03093
0.013009
0.046726
0.049351
0.030183
0.019386
0.097665
0.093913
0.062001
0.10586
0.1144
0.072643
0.010855
0.020061
0.021664
0.0010076
0.013475
0.0090552
0.030839
0.057599
0.0011437
0.00538
0.0070577
0.1404
0.0018959
0.012405
0.00086948
0.019771
0.046859
0.1175
0.031158
0.037657
0.0035489
0.00018735
0.14934
0.039051
4.7671e-06
0.031882
0.035969
0.10721
0.016553
0.087149
0.036485
0.0011351
0.0099685
0.058776
0.0079345
0.043458
0.037339
0.024108
0.069193
0.049923
0.049032
0.030255
0.025442
0.0012415
0.0041104
0.049494
0.00065385
0.0088362
0.0031451
0.021513
0.15068
0.0006144
0.01147
0.13662
0.0002628
0.048639
0.00082653
0.077368
0.46016
0.0027159
0.0036159
0.041991
0.11098
0.014048
0.033562
0.0013364
0.0026502
0.014614
0.0022543
0.06692
0.055521
0.33621
0.11615
0.016132
0.04787
0.0064648
0.013182
0.075401
0.050688
0.091501
0.018401
0.087979
0.0034313
0.18792
0.0036231
0.061063
0.0073535
0.14632
0.0095979
0.073983
4.5709e-05
0.022053
0.020321
0.052902
0.036271
0.022434
0.02216
0.026304
0.084114
0.06535
0.013016
0.015447
0.074529
0.0030527
0.021151
0.00034056
0.050298
0.00084461
0.015352
0.0064204
0.13861
0.016448
0.002088
0.022633
0.020741
0.0055197
0.012436
0.026869
0.018857
0.0078924
0.022251
0.098492
0.053566
0.0014163
0.016568
0.020237
0.0011135
0.056069
0.0017535
0.018872
0.0080936
0.010811
0.089856
0.00035896
0.030829
0.12691
0.10529
0.00038114
0.017903
0.024916
0.013027
0.064573
0.010251
0.05816
0.013711
0.00061194
0.0086734
0.00042808
0.0070355
0.021363
0.028485
0.013423
0.046557
0.028831
0.011856
0.0046143
0.04464
0.012324
0.023007
0.082899
0.046899
0.1069
0.0029597
0.0111
0.0044459
0.00091124
0.013895
0.022328
0.018956
0.00013621
0.014124
0.003566
0.024335
0.21754
0.05858
0.019401
0.109
0.025796
0.077005
0.043651
0.10392
0.030428
0.009034
0.0067979
0.001358
0.0072638
0.042572
0.0026516
0.021321
0.053712
0.079102
0.16123
0.078242
0.0013933
0.1049
0.0041842
0.085005
0.0034371
0.015948
0.069987
0.0055611
0.0059691
0.11273
0.078018
0.015666
0.043694
0.053723
0.0058912
0.014771
0.010696
0.01012
0.001239
0.098787
0.015399
0.02437
0.020991
0.063666
0.0076572
0.05555
0.069611
0.0029313
0.19571
0.17568
0.029392
0.13641
0.00025871
0.014
0.012365
0.043265
0.025685
0.23239
0.069357
0.0033506
0.13462
0.045965
0.0044551
0.015075
0.0016816
0.0025442
0.058256
0.00065125
0.027929
0.0024117
0.026696
0.016855
0.25658
0.0085769
0.031851
0.099567
0.016103
0.32617
0.0010622
0.010434
0.052848
0.007407
0.01225
0.05062
0.020521
0.14204
0.011183
0.0014664
0.026524
0.037489
0.001608
0.25726
0.0013072
0.010329
0.0046527
0.0033756
0.10381
0.0097319
0.019281
0.021728
0.045482
0.081466
0.044529
0.011533
0.021456
0.015339
0.0071155
0.080602
0.023969
0.0069245
0.047616
0.0040176
0.011054
0.04318
0.020312
0.0040544
0.058767
0.21927
0.01536
0.020271
0.062581
0.0015418
0.0011436
0.024481
0.01011
0.022062
0.050344
0.27239
0.04897
0.011788
0.083768
0.062766
0.0027415
0.015474
0.012919
0.13308
0.064488
0.0062737
0.013989
0.13176
0.012314
0.021808
0.00087877
0.21442
0.0085634
0.033786
0.010655
0.12957
0.0072155
0.15329
0.01318
0.023407
0.02096
0.0081138
0.052319
0.059867
0.0071318
0.0006128
0.079789
0.036228
0.11195
0.0011777
0.0053492
0.0084925
0.0056732
0.017673
0.038434
0.081495
0.0024766
0.0020249
0.0071918
0.03842
0.023805
0.01223
0.049673
0.088467
0.046393
0.040399
0.089927
0.065068
0.018969
0.15269
0.031621
0.0094005
0.0026909
0.015754
0.026684
0.0048698
0.044155
0.036508
0.090572
0.012523
0.20021
0.060858
0.00026861
0.00098002
0.0002317
0.13517
0.070698
0.030952
0.020405
0.026848
0.014186
0.023252
0.005791
0.0094619
0.017972
0.083026
0.014205
0.0013918
0.00019841
0.0088302
0.072945
0.0032969
0.094537
0.0078723
0.15711
0.01275
0.14277
0.0015465
0.077926
0.11783
0.046988
0.011504
0.068149
0.00033583
0.16992
0.024198
0.013269
0.033024
0.14552
0.013912
0.065488
0.01395
0.034258
0.0056176
0.0026981
0.0062702
0.0098601
0.031253
0.013094
0.12519
0.035956
0.029424
0.032801
0.052468
0.061399
0.0081302
0.002687
0.0065895
0.17664
0.019081
0.016652
0.058066
0.033802
0.0051992
0.047442
0.02439
0.00622
0.028162
0.0042166
0.011224
0.11884
0.0002372
0.018187
0.067283
0.11272
0.1396
0.19942
0.042329
0.018895
0.0037724
0.014133
0.015862
0.066506
0.056425
0.012617
0.043111
0.021519
0.096575
0.027889
6.8729e-05
0.033702
0.14023
0.048968
0.019235
0.0080266
0.044738
0.024014
0.014015
0.0074334
0.010304
0.091058
0.0018874
0.036192
0.020997
0.00011984
0.0006511
0.0047863
0.030899
0.004774
0.028719
0.036017
0.0096187
0.059669
0.076605
0.059842
0.050642
0.16808
0.0193
0.00099194
0.0059507
0.059108
0.010196
0.23693
0.0067578
0.042663
0.044123
0.006892
0.035529
0.064468
0.018414
0.06397
0.081033
0.033654
0.216
0.030967
0.35454
0.16146
0.072479
0.068996
0.015829
0.061313
0.018178
0.01935
0.041757
0.00010234
0.086343
0.0035906
0.0059775
0.021427
0.22168
0.054481
8.1131e-06
0.0094525
0.064602
0.013228
0.09835
0.018904
0.0059453
0.03194
0.12102
0.016725
0.013369
0.096366
0.0031305
0.024557
0.052045
0.045848
0.011784
0.023466
0.028756
0.04362
0.018224
0.2371
0.019193
0.0011476
0.025104
0.043178
0.0053428
0.0883
0.12494
0.028626
0.026632
0.0081872
0.010037
0.020721
0.067644
0.083074
0.033348
0.029436
0.00033143
0.001369
0.046404
0.003217
0.018641
0.019854
0.0038986
0.0059452
0.020461
0.40152
0.037313
0.029589
0.013736
0.086967
0.018264
0.033245
0.14918
0.091445
0.034748
0.027407
0.04266
0.0033889
0.015381
0.07017
0.088277
0.0068081
0.012574
0.041136
0.14606
0.031287
0.027082
0.020529
0.0043897
9.7745e-06
0.035748
0.072197
7.119e-05
0.011047
0.0011697
0.013541
0.012808
0.035722
0.19397
0.016318
0.0084403
0.01255
0.14018
0.084539
0.0073215
0.023839
0.035503
0.049789
0.073303
0.00088302
0.033841
0.09009
0.02007
0.18768
0.019525
0.034016
0.0070878
0.08098
0.026384
0.016279
0.11978
0.023724
0.0064031
0.092393
0.0099774
0.0043064
0.02235
0.3241
0.039109
0.00036722
0.087816
0.006493
0.03853
0.05101
0.019912
0.032767
0.0015325
0.039083
0.10276
0.056182
0.083551
0.0049571
0.013955
0.012191
0.011921
0.019615
0.050214
0.11162
0.0042889
0.045276
0.015934
0.02632
0.012257
0.054972
0.050471
0.010453
0.00035914
0.050831
0.0034998
0.0020437
0.0040566
0.0074723
0.055351
0.00088743
0.0037315
0.0038953
0.0063923
0.025848
0.0035947
0.0013084
0.20374
0.0085458
0.026554
0.016445
0.00017873
0.0037358
0.00030344
0.040766
0.051792
0.045054
0.04198
0.019552
0.050349
0.0016483
0.011554
0.0060466
0.074325
0.089363
0.14707
0.014659
0.016531
0.036682
0.20864
0.082242
0.02289
0.0059778
0.00704
0.0011834
0.0056546
0.027733
0.040831
0.092817
0.018567
0.0673
0.099887
0.0067962
0.027436
0.0087013
0.10597
0.029273
0.018852
0.0034468
0.0017528
0.039852
0.037026
0.10859
0.012292
0.064422
0.003093
0.034398
0.02777
0.074712
0.13471
0.0060851
0.0053902
0.026834
0.0035524
0.014202
0.075105
0.1887
0.094207
0.045182
0.0084294
0.0065686
0.086261
0.0056299
0.080086
0.0091267
0.12499
0.034342
0.0048544
0.020969
0.0008826
0.045011
0.017347
0.072153
0.034536
6.9014e-06
0.040933
0.0018435
0.010108
0.18939
0.025149
0.011212
0.03332
0.084143
0.018572
0.00083926
0.00062896
0.00010211
0.004118
0.012495
0.0030056
0.0031785
0.0070449
0.080113
0.12426
0.022709
0.1144
0.029406
0.045767
0.036158
3.5201e-05
0.0029955
0.00087043
0.056344
0.15627
0.0042667
0.010576
0.016119
0.065448
0.020556
0.14706
0.030126
0.072004
0.043285
0.0011043
0.0037235
0.05579
0.036404
0.0083358
0.0061811
0.25685
0.063706
0.13506
0.0096987
0.0027937
0.05177
0.010361
0.090148
0.036716
0.0041228
0.010207
0.010252
0.0035209
0.048684
0.012676
0.047987
0.00094248
0.0062406
0.0045136
0.0082103
0.0057149
0.033008
0.093828
0.082132
0.0048238
0.18759
0.019867
0.0045694
0.00085962
0.027141
0.13278
0.021583
0.070527
0.047973
0.00032019
0.080096
0.0063842
0.041266
0.025816
0.1098
0.14207
0.0032451
0.13153
0.0025838
0.034345
0.029178
0.039936
0.18365
0.0087146
0.039552
0.013261
0.0066277
0.011202
0.02473
0.0049943
0.12709
0.19283
0.029865
0.088295
0.0051508
0.40498
0.11232
0.031142
0.06053
0.00069046
0.03714
0.02424
0.053679
0.01748
0.021776
0.00026718
0.012113
0.003762
0.11847
0.03101
0.16684
0.015711
0.0084336
0.010901
0.14116
0.011234
0.046568
0.040278
0.0086697
0.10576
0.056721
0.029294
0.01672
0.046579
0.029657
0.046032
0.0016454
0.012245
0.076239
0.01302
0.17768
0.0061653
0.40271
0.035485
0.011455
0.17003
0.029732
0.077054
0.016994
0.071917
0.035594
0.0026024
0.40103
0.011032
0.050839
0.0046464
0.048767
0.034798
0.00080111
0.0041449
0.0023628
0.0012253
0.094399
0.040279
0.0092994
0.014233
0.0042031
0.064002
0.044593
0.064279
0.19356
0.011032
0.050178
0.18706
0.050485
0.1024
0.13086
0.017147
0.26129
0.0038563
0.13604
0.024891
0.081115
0.031111
0.0032016
0.01236
0.00056532
0.034115
0.032231
0.0063041
0.0020235
0.01163
0.078042
0.044521
0.052961
0.061529
0.0098597
0.046174
0.00035225
0.0032218
0.01457
0.0026856
0.046561
0.014168
0.013688
0.04755
0.017012
0.10543
0.0055263
0.0028184
0.012869
0.14787
0.001083
0.14452
0.057431
0.036671
0.03205
0.080142
0.001004
0.095007
0.0073333
0.013315
0.046644
0.10107
0.00070615
0.0045455
0.084859
0.03446
0.026898
0.008134
0.0028023
0.00035273
0.0087961
0.014373
0.003905
0.036298
0.0021184
0.0059131
0.0018373
0.031171
0.13179
0.0018721
0.015019
0.0075596
0.01719
4.6586e-05
0.079906
0.0095386
0.079618
0.12437
0.013683
0.019295
0.0065986
0.14809
0.15885
0.017043
0.0070528
0.073637
0.020493
0.017664
0.015526
0.16784
0.05317
0.07559
0.02115
0.0082623
0.0016018
0.18749
0.0045429
0.0037226
0.026238
0.037292
0.12739
0.078515
0.011483
0.016518
0.011715
0.028134
0.0057843
0.02758
0.0022391
0.13003
0.0136
0.0051283
0.044315
0.020485
0.0031042
0.020631
0.0057173
0.016785
0.0026228
0.028855
0.11432
0.0013008
0.031485
0.021233
0.010459
0.14836
0.041406
0.0057503
0.3003
0.14891
0.052413
0.039004
0.0062295
0.072562
0.032855
0.010301
0.0043515
0.019699
0.0017418
0.0016019
0.014648
0.001792
0.0022566
0.040704
2.7261e-05
0.0023614
0.038149
0.0061533
0.043201
0.08317
0.0080565
0.013826
0.015859
0.059301
0.050869
0.0055134
0.016736
0.047456
0.04842
0.062856
0.023004
0.018288
0.13334
0.080588
0.022571
0.020057
0.022612
0.097932
0.083524
0.032548
0.010317
0.0062414
0.013544
0.017092
0.00033715
0.020996
0.04978
0.070427
0.065287
0.029427
0.018149
0.0016556
0.045104
0.051112
0.014626
0.064017
0.077829
0.23161
0.022083
0.37891
0.018955
0.018975
0.12901
0.033978
0.0066015
0.017747
0.033251
0.021507
0.034509
0.13511
0.0063352
0.0069409
0.018035
0.014908
0.016604
0.01477
0.059476
0.005819
0.009699
0.0081312
0.090401
0.31386
0.0081014
0.0050454
0.018311
0.14715
0.044004
0.0012005
0.0035412
0.01068
0.079435
0.011062
0.12418
0.018584
0.027261
0.011868
0.0298
0.18725
0.028934
0.026483
0.26533
0.016285
0.047477
0.0044802
0.0016468
0.05371
0.048436
0.11478
0.0087018
0.0091091
0.014501
0.036544
0.013891
0.022004
0.01272
0.0029398
0.042794
0.01884
0.19214
0.063913
0.0060426
0.04933
0.1454
0.010044
0.013425
0.012867
0.0025896
0.080529
0.011778
0.035649
0.010339
0.04705
0.012754
0.038725
0.0017277
0.03496
0.011151
0.0074551
0.069533
0.011135
0.0058224
0.0086835
0.076789
0.10801
0.0047901
0.0002472
0.007499
0.0018117
0.015292
0.027245
0.15991
0.015875
0.0062143
0.0047711
0.06337
0.0083646
0.011176
0.0003837
0.032268
0.15263
0.045236
0.045318
0.024113
0.14721
0.11312
0.059633
0.0061724
0.0030164
0.014306
0.042568
0.052953
0.18445
0.0030005
0.057752
0.00016504
0.09522
0.020731
0.036228
0.0061172
0.0016951
0.03851
0.0017766
0.099322
0.17858
0.0019551
0.0012702
0.016527
0.14625
0.002603
0.0036505
0.01802
0.02711
0.13456
0.035647
0.0080139
0.021589
0.023758
0.0043256
0.23004
0.05436
0.088942
0.18234
0.049612
0.0022565
0.080868
0.00011491
0.093515
0.02646
0.037312
0.012294
0.0028673
0.048634
0.052651
0.12314
0.073309
0.0071289
0.0018153
0.013049
0.021991
0.0099056
0.16114
0.0023618
0.011447
0.08025
0.023251
0.020822
0.014304
0.00052433
0.017988
0.017382
0.0011082
0.1406
0.012212
0.11032
0.015282
0.0052933
0.18372
0.021621
0.048155
0.012118
0.016005
0.14061
0.0023351
0.00075283
0.074985
0.12917
0.00012784
0.030464
0.0071741
0.0014592
0.0029127
0.00054779
0.048308
0.0094776
0.0020502
0.0028475
0.0043832
0.17784
0.0019101
0.01406
0.017742
0.0081168
0.022766
0.0031445
0.089633
0.012319
0.016323
0.022331
0.058407
0.00035866
0.001639
0.012615
0.10385
0.022226
0.02517
0.13402
0.034952
0.0052602
0.0059989
0.098893
0.032226
0.0055399
0.056675
0.016699
0.17495
0.010955
0.0044479
0.0099921
0.039791
0.024434
0.050544
0.053981
0.0069142
0.016913
0.020289
9.2584e-05
0.0067316
0.016794
0.0058283
0.019489
0.12673
0.025796
0.0036433
0.03325
0.060147
0.020061
0.037476
0.0071945
0.0067368
0.040559
0.00046919
0.039233
0.07129
0.11574
0.045562
0.00064835
0.013417
0.067161
0.042479
0.04103
0.0022282
0.023114
0.018494
0.0058894
0.039908
0.064082
0.0045939
0.12705
0.12214
0.046134
0.0034498
0.025797
0.043827
0.027163
0.011361
0.017638
0.0038796
0.12723
0.055205
0.010638
0.029972
0.043906
0.15968
0.04603
0.030602
0.014837
0.058759
0.0038144
0.0025838
0.0013314
0.018464
0.047249
0.0066893
0.022851
0.015029
0.01069
0.12084
0.0092747
0.04803
0.060972
0.04489
0.050929
0.057129
0.097139
0.011695
0.0516
0.057769
0.018018
0.15248
0.0045816
0.17456
0.053745
0.047383
0.012024
0.014195
0.0093625
0.05208
3.0216e-05
0.047678
0.023364
0.093057
0.0021504
0.059888
0.13505
0.037909
0.00011455
0.066145
0.049929
0.023077
0.013897
0.034424
0.011046
0.094091
0.13211
0.16068
0.01911
0.0023452
0.016815
0.020844
0.013083
0.032737
0.054897
0.015247
0.013761
0.0071613
0.06081
0.049716
0.2084
0.049236
0.03947
0.012754
0.015352
0.0072987
0.0025366
0.0022093
0.12538
0.0213
0.16103
0.0055975
0.045306
0.06044
0.053693
0.088743
0.0711
0.0042114
0.0077974
0.0078547
0.053987
0.10228
0.1556
0.052026
0.012306
0.014136
0.017635
0.069265
0.032522
0.05051
0.0041865
0.0072462
0.0031097
0.031668
0.0079163
0.13238
0.0006461
0.010657
0.055168
0.0082365
0.025395
0.002936
0.044088
0.018583
0.05814
0.092097
0.059963
0.038168
0.01061
0.17085
0.010576
0.055009
0.0034135
0.019704
0.027118
0.084681
0.056036
0.03461
0.0005236
0.021827
0.098441
0.0016738
0.0275
0.0019502
0.049154
0.0061826
0.14688
0.065882
0.006418
0.010152
0.0018623
0.015268
0.019823
0.0074347
0.0027527
0.0022591
0.0034386
0.010868
0.032724
0.15715
0.059779
0.24343
0.035837
0.001883
0.047146
0.0030642
0.086811
0.046101
0.031522
0.066626
0.0068049
0.058862
0.0024834
0.048173
0.072022
0.0087844
0.0006799
0.0020398
0.0099574
0.0049434
0.0030932
0.0024219
0.06161
0.01415
0.058555
0.028906
0.0061579
0.0091895
0.058404
0.0081333
0.0018642
0.0039002
0.00039508
0.088548
0.0034028
0.0070394
0.0071178
0.027224
0.035539
0.10557
0.027613
0.086781
0.048858
0.035998
0.0014242
0.071211
0.012439
0.034298
0.071205
0.18497
0.005392
0.045548
0.0077135
0.016483
0.048365
0.0048667
0.0022957
0.016555
0.0048786
0.01902
0.0049017
0.17201
0.0036854
0.10171
0.085251
0.0085961
0.068821
0.0081251
0.0030693
0.066924
0.0085614
0.014983
0.022364
0.00062815
0.073885
0.069161
0.012205
0.008074
0.036767
0.00031395
0.17784
0.043213
0.012676
0.17028
0.091602
0.059709
0.0033222
0.0016848
0.2888
0.058068
0.015213
0.00017849
0.00025994
0.014607
0.00086136
0.036846
0.062291
0.01806
0.018652
0.051098
0.0029101
0.0037827
0.012851
0.0088062
0.05383
0.097895
0.085374
0.011709
0.041971
0.014703
0.0064693
0.0083631
0.0082057
0.14238
0.062413
0.026558
0.0021106
0.019848
0.14546
0.005682
0.0064894
0.022698
0.1995
0.00032342
0.058901
0.0020526
0.028323
0.13932
0.11041
0.03753
0.022317
0.036041
0.40774
0.0091033
0.040735
0.012362
0.078724
0.014483
0.030821
0.011202
0.075633
0.0024443
0.081995
0.11129
0.0070662
0.0022504
0.057735
0.016037
0.12657
0.053868
0.003759
0.010825
0.02459
0.039099
0.065807
0.061989
0.0069204
0.034069
0.0046002
0.021368
0.10829
0.15642
0.0010756
0.014891
7.7213e-05
0.025566
0.00020671
0.01778
0.061133
0.10039
0.093935
0.0079481
0.090445
0.073067
0.034029
0.042052
0.027292
0.10819
0.078344
0.013241
0.005957
0.037027
0.046647
0.0021481
0.0087711
0.032829
0.073304
0.15217
0.00095861
0.031259
0.01611
0.022316
0.0021999
0.073464
0.11409
0.14613
0.15745
0.010897
0.025684
0.0013623
0.032295
0.0029792
0.0094795
0.00099497
0.025251
0.029748
0.02244
0.021412
0.026293
0.00064428
0.0034298
0.046823
0.0089688
0.003479
0.046466
0.083135
0.12617
0.0076613
0.020631
0.027767
0.0057649
0.064431
0.046661
0.0084293
0.027174
0.033021
0.056892
0.017138
0.0051396
0.15366
0.086191
0.024232
0.0023196
0.045597
0.050781
0.13737
0.14171
0.017283
0.0040845
0.040405
0.040259
0.16664
0.03465
0.003097
0.20085
0.078041
0.0042994
0.24963
0.026519
0.0042744
0.0020736
0.022866
0.0040224
0.018098
0.006527
0.045645
0.10548
0.010268
0.0079515
0.033975
0.04052
0.14872
0.036703
0.037746
0.050536
0.0016872
0.012146
0.03072
0.014236
0.015844
0.00024056
0.00694
0.0090384
0.0026485
0.26344
0.017818
0.00039261
0.020678
0.1394
0.018313
0.062158
0.029123
0.11063
0.095439
0.0053996
0.056224
0.02348
0.021534
0.21882
0.0027603
0.027157
0.00024974
0.017967
0.0028443
0.059088
0.10012
0.085162
0.14282
0.069307
0.0030352
0.0066582
0.0012427
0.12325
0.13242
0.00029318
0.02164
0.0059563
0.046127
0.099628
0.02477
0.031853
0.0016488
0.082167
0.068375
0.085669
0.00066162
0.0076346
0.06761
0.011832
0.064235
0.02823
0.0010408
0.017083
0.086592
0.013961
0.073928
0.1216
0.065655
0.021254
0.011776
0.027265
0.065265
0.064058
0.0023666
0.04749
0.057236
0.0021773
0.099018
0.01186
0.043331
0.043541
0.0044964
0.019391
0.01304
0.0038002
0.016187
0.042799
0.066305
0.014199
0.054558
0.00032133
0.081487
0.0056801
0.0014271
0.026556
0.014966
0.032395
0.00043609
0.012546
0.0066354
0.031865
0.086065
0.023973
0.0036783
0.011164
0.028573
0.02373
0.083384
0.010098
0.068082
0.011186
0.096675
0.016156
0.0065712
0.017248
0.010831
0.030529
0.051897
0.00028088
0.00051758
0.0085952
0.0087526
0.013029
0.11941
0.021136
0.003582
0.066675
0.0044508
0.067621
0.025685
0.047766
0.04075
0.001339
0.18858
0.0089828
0.036531
0.016662
0.042955
0.0031413
0.0034678
0.019552
0.16365
0.020682
0.0045045
0.018198
0.064316
0.043966
0.13704
0.036838
0.055474
0.055052
0.025968
0.11322
0.13896
0.00483
0.13376
0.048157
0.0059615
0.027524
0.0017999
0.019356
0.030322
0.033723
0.1388
0.0091716
0.0089883
0.0079782
0.010542
0.05509
0.26913
0.040024
0.0021904
0.0078831
0.048789
0.073916
0.08092
0.12726
0.029499
0.052882
0.060077
0.087058
0.026125
0.0085697
0.03464
0.083425
0.089069
0.0019549
0.039701
0.082166
0.0029202
0.0053182
0.0083056
0.024164
0.033395
0.0032164
0.074997
0.0013985
0.0046232
0.01069
0.026283
0.00243
0.00021134
0.18368
0.0045226
0.012194
0.028334
0.017662
0.0055458
0.013763
0.0058748
0.14275
0.034883
0.031301
0.011924
0.013659
0.0025084
0.015098
0.014852
0.0027557
0.0068304
0.0075708
0.10112
0.068245
0.10078
0.003927
0.035852
0.027754
0.12887
0.20112
0.00059233
0.082552
0.0011998
0.060154
0.12746
0.01145
0.12053
0.13997
0.010238
0.3919
0.083115
0.052323
0.045242
0.0092782
0.0178
0.022178
0.017406
0.32204
0.039726
0.01981
0.11505
0.052747
0.016477
0.32719
0.18715
0.036468
0.080027
0.046708
0.053199
0.046545
0.016938
0.020292
0.0058357
0.03698
0.0074844
0.012582
0.01926
0.003603
0.030751
0.017614
0.0067705
0.020214
0.00018213
0.10662
0.047583
0.036069
0.025946
0.063495
0.04437
0.062461
0.21139
0.23591
0.006114
0.22242
0.0020046
0.070315
0.015259
0.021544
0.0096442
0.039593
0.007178
0.022992
0.0068774
0.038321
0.0014123
0.0020502
0.019277
0.021695
0.075566
0.015266
0.0085997
0.0027934
0.025889
0.0074752
0.074931
0.21279
0.09444
0.0032995
0.0055937
0.072935
0.078095
0.011285
0.033624
0.0011547
0.025616
0.033348
0.072214
0.041895
0.029081
0.090585
0.00024329
0.02922
0.0053131
0.0047856
0.061358
0.013249
0.05562
0.096867
0.032788
0.13447
0.10426
0.021003
0.06628
0.19892
5.1047e-05
0.0078186
0.00021327
0.00079461
0.026051
0.00013474
0.0035357
0.046238
0.00078699
0.10216
0.10026
0.48249
0.04722
0.03744
0.098711
0.0093839
0.00066538
0.044129
0.005904
0.01151
0.10434
0.008792
0.0025897
0.51202
0.10877
0.037283
0.0016792
5.2877e-06
0.078335
0.077631
0.1081
0.015447
0.032236
0.056037
0.0689
0.072906
0.0025544
0.013846
0.014403
0.012254
0.076182
0.014189
0.0027775
0.075826
0.012993
0.0025438
0.05714
0.016786
0.024639
0.0040099
0.15206
0.008057
0.019066
0.030295
0.006285
0.034006
0.039038
0.012185
0.034305
0.075739
0.1488
0.057865
0.0020301
0.00021003
0.02489
0.087779
0.022474
5.7776e-05
0.0070168
0.00049632
0.0012913
0.060217
0.11149
0.032476
0.093574
0.0073699
0.040305
0.028182
0.069549
0.0081947
0.06844
0.0067745
0.059142
0.014955
0.040635
0.0088564
0.10029
0.075012
0.071096
0.038588
0.033097
0.062717
0.011644
0.00067158
0.03006
0.0053142
0.005535
3.886e-05
0.066202
0.043096
0.0070267
0.0072724
0.00058909
0.017936
0.015293
0.037979
0.040953
0.015853
0.02132
0.024812
0.012404
0.17219
0.072243
0.0013193
0.01701
0.23621
0.048843
0.16086
0.0056725
0.0094112
0.020462
0.016746
0.066425
0.032007
0.022126
0.0040362
0.01216
0.025159
0.0035409
0.025126
0.052752
0.0084455
0.00043156
0.036606
0.05974
0.058827
0.2213
0.00020678
0.0053608
0.018402
0.034953
0.012585
5.5705e-05
0.0092916
0.10851
0.028434
0.010362
0.042504
0.0014953
0.01378
0.001235
0.030678
0.04767
0.0023978
0.22751
0.086462
0.00063166
0.0092567
0.046668
0.0044015
0.0051564
0.0018249
0.013156
0.014013
0.099651
0.0015669
0.014306
0.055666
0.0007963
0.15948
0.21416
0.11783
0.021958
0.0027095
0.033355
0.01856
0.015976
0.12788
0.034629
0.039346
0.05837
0.10523
0.10288
0.053739
0.053898
0.0011415
0.07336
0.022833
0.086644
0.0015223
0.0013016
0.091113
0.0029299
0.25241
0.0088854
0.0027119
0.035123
0.058014
0.10319
0.0037435
0.012174
0.0062875
0.038857
0.073979
0.26682
0.11936
0.043028
0.047612
0.022907
0.035227
0.0011128
0.082137
0.0062855
0.076061
0.0052567
0.018482
0.026196
0.038714
0.037102
0.03569
0.055929
0.00038478
0.012123
0.023017
0.069916
0.10732
0.002416
0.038264
0.027788
0.13729
0.0036083
0.051407
0.001753
0.14252
0.014812
0.018368
0.011688
0.042134
0.17301
0.050244
0.0012578
0.0054694
0.042785
0.0081526
0.018114
0.23319
0.030722
0.19031
0.0061006
0.00023566
0.010512
0.0062866
0.015987
0.050457
0.0077449
0.010305
0.028922
0.031424
0.085405
0.020154
0.070384
0.0076119
0.0091978
0.0097574
0.0082055
0.012344
0.0023371
0.024261
0.041208
0.00056068
0.096466
0.067036
0.083814
0.0051674
0.13478
0.024304
0.015958
0.037989
0.010585
0.003403
0.0020631
0.00079217
0.0020798
0.3004
0.16599
0.0029512
0.028729
0.02892
0.042857
0.0010571
0.0093376
0.001075
0.020891
0.21125
0.0046841
0.049936
0.0030626
0.0032943
0.019359
0.027438
0.0036332
0.040351
0.059771
0.15301
0.091891
0.01735
0.0019589
0.0066457
0.0097754
0.031061
0.00065833
0.0073244
0.037859
0.01936
0.063774
0.056004
0.008254
0.045192
0.031062
0.0076454
0.039608
0.028519
0.18036
0.0085971
0.014469
0.096062
0.065266
0.046353
0.1867
0.068963
0.13472
0.61583
0.01354
0.0053556
0.034285
0.054624
0.050599
0.0092977
0.071016
0.017213
0.057789
0.0011457
0.018323
0.0026806
6.7768e-05
0.00090714
0.025417
0.096442
0.13793
0.035219
0.018788
0.001478
0.0011838
0.0045212
0.074148
0.034433
0.0017299
0.020635
0.028013
0.050278
0.014381
0.074706
0.001359
0.0092813
0.0042477
0.023782
0.00055069
0.0038627
0.10202
0.0011392
0.010595
0.046561
0.0032798
0.00085827
0.010944
0.018423
0.085713
0.00015357
0.0048848
0.001745
0.01083
0.047241
0.008417
0.052009
0.014859
0.048638
0.021922
0.0080825
0.007847
0.033205
0.081639
0.20933
0.10645
0.0012396
0.014839
0.013731
0.29865
0.065416
0.12305
0.081448
0.11523
0.092253
0.1307
0.053418
0.16906
0.0078443
0.00093898
0.063791
0.015815
0.029592
0.077321
0.070801
0.07248
0.001291
0.024309
0.005609
0.073777
0.062239
0.0036405
0.023976
0.00016041
0.07776
0.0008223
0.035757
0.028399
0.038676
0.087893
0.004824
0.074725
0.0042261
0.032876
0.031167
0.020707
0.030204
0.37874
0.011891
0.05583
0.016396
0.038954
0.019555
0.0062448
0.018741
0.047467
0.027107
0.0015167
0.0024822
0.0026847
0.0004155
0.0074711
0.23558
7.1787e-05
0.027584
0.021739
0.11723
0.0060624
0.0090976
0.019758
0.0078418
0.01065
0.015112
0.12202
0.03643
0.03303
0.010648
0.033025
0.01907
0.014666
0.031609
0.0038088
0.019293
0.0049556
0.045216
0.0033221
0.064784
0.10126
0.11939
0.08394
0.005378
0.0005262
0.070262
0.0063549
0.19754
0.10203
0.073225
0.0014026
0.019429
0.1862
0.0027744
0.00081993
0.02501
0.029929
0.014568
0.061655
0.0099593
0.00023283
0.080724
0.013884
0.013217
0.013534
0.00013925
0.035189
0.054826
0.027382
0.10177
0.038919
0.0060524
0.046893
0.0084703
0.013022
0.0040001
0.021729
0.035873
0.014604
0.015538
0.020525
0.008497
0.036518
0.098018
0.037737
0.0050457
0.0021462
0.040501
0.23392
0.19173
0.0036462
0.0010598
0.0070108
0.00050055
0.024115
0.019034
0.012602
0.00036532
0.0019767
0.20145
0.017619
0.0085321
0.08506
0.15493
0.020574
0.16939
0.023476
0.066584
0.025639
0.012497
0.15561
0.0033566
0.17
0.013291
0.022919
0.017421
0.0026976
0.073913
0.068962
0.093219
0.0046169
0.0082498
0.0022674
0.082085
0.031075
0.014
0.016068
0.048484
0.0061894
0.035827
0.00017465
0.067964
0.0062839
0.0038039
0.027041
0.011091
0.005576
0.060425
0.0074745
0.0015387
4.5318e-05
0.0025788
0.023179
0.30855
0.23775
0.1125
0.0059864
0.019136
0.0090081
0.062074
0.25043
0.09877
0.01375
0.23715
0.0010433
1.7819e-06
0.036276
0.0022178
0.016523
0.004152
0.025051
0.14288
0.027134
0.044689
0.0018004
0.0021418
0.012664
0.058096
0.06078
0.019526
0.034468
0.0073598
0.034498
0.05409
0.040476
0.0011849
0.036834
0.025035
0.059827
0.020867
0.06664
0.048577
0.020808
0.02282
0.023551
0.0017644
0.008486
0.0020893
0.005271
0.028369
0.060555
0.13501
0.050531
0.030053
0.027647
0.00025927
0.001365
0.016015
0.016962
0.10246
0.033706
0.00098326
0.065554
0.078349
0.040477
0.014544
0.029629
0.031791
0.05035
0.001939
0.010893
0.10739
0.12116
0.24646
0.0015724
0.037651
0.031104
0.017521
0.073406
0.20988
0.012269
0.027299
0.069368
0.070339
0.010321
0.0076919
0.019918
0.021301
0.032828
0.018883
0.0084723
0.048872
0.006085
0.12724
0.026044
0.033711
0.0017747
0.030451
0.00093333
0.033081
0.058873
0.0028969
0.024002
0.030934
0.019228
0.057554
0.055754
0.066741
0.017175
0.0041486
0.0035444
0.013092
0.00017114
0.00026533
0.010902
0.0060471
0.040207
0.006252
0.15921
0.039643
0.03907
0.094227
0.00021309
0.0318
0.032854
0.0061618
0.029897
0.017481
0.012705
0.18226
0.033141
0.0006361
0.016152
0.0012134
0.0011188
0.0073177
0.020261
0.0045402
0.26277
0.0077328
0.10812
0.15638
0.073506
0.025934
0.27093
0.0033609
0.025873
0.085729
0.058226
0.14585
0.067933
0.026634
0.027072
0.039891
0.029079
0.043037
0.017778
7.165e-05
0.0090899
0.038527
0.017733
0.036008
0.037062
0.030858
0.0078881
0.038651
0.01415
0.0035374
0.098869
0.077066
0.00081091
0.00028988
0.056825
0.050455
0.0040379
0.0053811
0.037338
0.038284
0.052859
0.055282
4.7995e-05
0.1594
0.011243
0.023328
0.10235
0.027038
0.0090516
0.00060258
0.021055
0.0011573
0.00010678
0.026612
0.038152
0.11623
0.003832
0.03203
0.0072459
0.019103
0.025616
0.053859
0.091752
0.12568
0.00375
0.041898
0.011371
0.10729
0.016707
0.10154
0.057388
0.031977
0.0092074
0.0029898
0.0048695
0.061144
0.040555
0.00060238
0.047531
0.084104
0.007828
0.050769
0.043123
0.42775
0.01837
0.028756
0.081484
0.0098101
0.019864
0.056278
0.034433
0.058407
0.017031
0.15071
0.015701
0.16922
0.0032226
0.041016
0.10291
0.016294
0.013928
0.0062161
0.0081949
0.0057983
0.012808
0.0017533
0.015452
0.0081981
0.0093172
0.010509
0.0015437
0.00043015
0.04311
0.11323
0.0052088
0.010896
0.077424
0.025174
0.0010649
0.090547
0.012175
0.071046
0.01415
0.01451
0.029082
0.012215
0.028448
0.0035799
0.0096141
0.030395
0.014544
0.013253
0.0024356
5.6893e-05
0.0085808
0.022971
0.15567
0.10512
0.0033571
0.0016461
0.0115
0.026939
0.00058683
0.12391
0.035312
0.23152
0.016397
0.018056
0.25292
0.01654
0.038632
0.20037
0.00027195
0.093115
0.019363
0.0031893
0.010906
0.17831
0.029163
0.029201
0.0068628
4.9618e-07
0.055691
0.0024932
0.15461
0.042698
0.0085236
0.023587
0.019662
0.062992
0.097412
0.02479
0.0028524
0.013239
0.028338
0.090945
0.089249
0.00020767
0.00038755
0.030357
0.0073044
0.018762
0.0072771
0.00031668
0.16608
0.039898
0.025578
0.076874
0.039219
0.0024143
0.1331
0.11459
0.067783
0.014861
0.052535
0.0076752
0.046791
0.0068917
0.05664
0.011536
0.09324
0.0009931
0.02871
0.038934
0.078567
0.023555
0.027942
0.13589
0.0024317
0.0018649
0.0061633
0.026019
0.0056162
0.0028025
0.011467
0.13197
0.096692
0.030739
0.0061629
0.016585
0.026001
0.18066
0.075236
0.0012439
0.016474
0.022927
0.064515
0.00078023
0.038357
0.027309
0.0043036
0.0058359
0.029077
0.014303
0.00070699
0.011957
0.053879
0.0088311
0.018578
0.00036795
0.047605
0.023735
0.050576
0.1286
0.10337
0.12767
2.9154e-05
0.015879
0.0059047
0.0032598
0.0044389
0.0011216
0.1766
0.089854
0.0087206
0.0029134
0.036801
0.06508
0.0175
0.19979
0.16351
0.0012045
0.033417
0.00607
0.058844
0.015291
0.0022762
0.013968
0.0014343
3.3032e-05
0.085669
0.20215
0.0017706
0.086485
0.1165
0.0091962
0.076848
0.082072
0.025366
0.00085227
0.007983
0.011463
0.13201
0.046728
0.0011237
0.003402
0.0023443
0.016623
0.08105
0.076515
0.0076853
0.00092879
0.01227
0.019879
0.016009
0.060647
0.0047072
0.0059239
0.016591
0.029574
0.019427
0.039624
3.3168e-05
0.037996
0.00049344
0.20231
0.0063637
0.029164
0.013902
0.045435
0.0014936
0.063311
0.036752
0.046391
0.17296
0.015511
0.0041233
0.016646
0.038197
0.089781
0.10064
0.00022926
0.020045
0.11893
0.055973
0.066731
0.045341
0.001976
0.021722
0.081174
0.08824
0.13803
0.0034781
0.00034197
0.0013124
0.032506
0.0020358
0.024855
0.026234
0.079234
0.12163
0.013739
0.045928
0.026551
0.066393
0.42095
0.0055579
0.037589
0.23751
0.0092315
0.06448
0.010576
0.058106
0.053959
0.09317
0.040858
0.0073778
0.0023916
0.0094577
0.058004
0.02802
0.0012584
0.014831
0.055522
0.013865
0.010219
0.033182
0.071207
0.046568
0.010353
0.01391
0.057286
0.16364
0.020851
0.076465
0.021623
0.0029389
0.014963
0.052918
0.0034816
0.082894
0.055292
0.01156
0.062675
0.004479
0.043849
0.024503
0.0069664
0.0081406
0.013564
0.057432
0.008298
0.041538
0.047285
0.095427
0.2671
0.0014146
0.0018046
0.03578
0.009916
0.011462
0.095179
0.069097
0.0020018
0.0023154
0.036344
0.057208
0.015674
0.014214
0.21854
0.0047085
0.02195
0.00182
0.099573
0.00090946
0.0013615
0.11324
0.031855
0.04404
0.0037616
0.00086947
0.0085395
0.010836
0.01324
0.045138
0.0084004
0.082825
0.0071262
0.11516
0.0004654
0.015263
0.0022251
0.071015
0.00012748
0.059134
0.063287
0.033376
0.0062358
0.0040055
0.032508
0.033329
0.0066209
0.057435
0.0031151
0.010925
0.0002917
0.073557
0.065082
0.045613
0.0074843
0.03763
0.015558
0.03562
0.01937
0.03537
0.011847
0.23958
0.0049565
0.040058
0.009205
0.00063713
0.022835
0.011806
0.030296
0.003651
0.012486
0.023105
0.037527
0.010761
0.11044
0.15744
0.0030004
0.012623
0.015166
0.031113
0.023153
0.080505
0.11431
0.010757
0.088625
0.021071
0.34757
0.030772
0.063064
0.012158
0.023205
0.015849
0.069316
0.090834
0.20508
0.0010601
0.01022
0.019088
0.048541
0.16487
0.0035076
0.016074
0.22288
0.0012107
0.26975
0.013267
0.0059162
0.021249
0.049269
0.014036
0.030727
0.019684
0.071987
0.0078256
0.06593
0.10987
0.0021839
0.0046121
0.0025842
0.11777
0.0099778
0.078426
0.0042236
0.008595
0.0064454
0.0069764
0.1455
0.015206
0.0021244
0.0221
0.022941
0.056072
0.00039261
0.01714
0.00045167
0.16678
0.072626
0.021799
0.013273
0.04136
0.01283
0.039284
0.0036195
0.019959
0.011422
0.055874
0.098217
0.16815
0.0024299
0.0074316
0.0053819
0.029037
0.12778
0.084091
0.057839
0.12445
0.0035277
0.082997
0.014768
0.021092
0.071863
0.0071403
0.014874
0.08491
0.027696
0.01093
0.051069
0.014251
0.0010096
0.01816
0.010345
0.00027184
0.0021061
0.012821
0.00020265
0.080619
0.022633
0.014096
0.0054635
0.031575
0.14815
0.02185
0.092078
0.03773
0.010162
0.094297
0.0060319
0.15383
0.0048625
0.0030767
0.070233
0.015365
2.4435e-05
0.16528
0.090229
0.063401
0.017008
0.011531
0.0088291
0.02309
0.013048
0.17563
0.0711
0.0075954
0.046386
0.0076178
0.0035654
0.11035
0.016001
0.0089552
0.018021
0.060531
0.0017875
0.00081109
0.022085
0.0096261
0.0055111
0.069451
0.1059
0.014646
0.20989
0.17343
0.10125
0.0047471
0.036443
0.061914
0.037577
0.077002
0.0064924
0.042943
0.045154
0.0087618
0.016873
0.0063672
0.038719
0.073797
0.017664
0.024983
0.031148
0.044909
0.00037523
0.055536
0.018138
0.03975
0.045757
0.27281
0.011696
0.0024969
0.031182
0.0033478
0.00086854
0.036545
0.068461
0.07552
0.046697
0.0036235
0.021322
0.004389
0.10588
0.014737
0.018158
0.054985
0.38262
0.049979
0.0046515
0.0022204
3.2998e-05
0.28093
0.0083675
0.12031
0.013727
0.0052648
0.004334
0.018129
0.055166
0.0060859
0.078768
0.052378
0.32266
0.0339
0.19736
0.0034763
0.068028
0.0032897
0.14663
0.063265
0.16083
0.0075302
0.010088
0.0015717
0.0018339
0.0052478
1.2157e-06
0.0054334
0.044032
0.20117
0.0083684
0.025939
0.034496
0.0033007
0.14509
0.035482
0.088967
0.16024
0.010091
0.0017105
0.035606
0.058738
0.0018837
0.0098839
0.0022054
0.00086896
0.001127
2.3426e-05
0.033974
0.012158
0.0045895
0.014407
0.0099614
0.024401
0.022715
0.0062854
0.16835
0.0020527
0.0084052
0.014824
0.0073423
0.050482
0.067664
0.012605
0.0013348
0.0052847
0.039977
0.053158
0.0078197
0.008839
0.0034092
0.0015709
0.053387
0.010606
0.014683
0.13092
0.072695
0.042115
0.045917
0.031304
0.11805
0.018668
0.011724
0.10128
0.045173
0.00023596
0.0024915
0.20821
0.0031942
0.058326
0.029855
0.091709
0.065229
0.0064945
0.11844
0.033567
0.016519
0.070338
0.010152
0.016325
0.026759
0.059169
0.032136
0.0066744
0.17759
0.015355
0.12426
0.031842
0.00016422
0.0038858
0.15114
0.0086208
0.10146
0.024774
0.0030239
0.23035
0.0047392
0.006113
